1.407848384339355219e-01,4.332846376268202349e-01
1.348604258333657713e-01,4.279235899835150958e-01
1.249295540628665713e-01,4.045426435530565801e-01
1.804353314503562566e-01,4.371796845004055077e-01
1.279012604028418321e-01,3.866154190679239600e-01
1.312678174904543249e-01,4.232706941362907593e-01
1.508404499324827452e-01,4.386083614247742735e-01
1.952941049476752677e-01,3.785543791777964406e-01
1.401251452525286711e-01,4.327897393474907095e-01
1.283406687365231391e-01,3.856127602518426567e-01
1.459805943776130710e-01,4.365042413256166598e-01
1.282135503280792677e-01,4.176886255047246310e-01
2.003030468234709149e-01,4.159459539898417435e-01
2.022661237775000009e-01,3.944746272659384601e-01
1.545698603647897018e-01,3.638587600155910873e-01
1.714332668886843769e-01,4.401200970393898126e-01
2.669794655525301041e-01,2.555357402800430555e-01
2.172844229174172026e-01,2.640371328435081044e-01
2.108633337364753946e-01,2.747707649886879655e-01
2.623632572780076333e-01,3.251829184692541785e-01
2.209006324383258335e-01,2.602828840193349702e-01
2.855641427620732031e-01,2.820382461457776602e-01
2.858814737526675365e-01,2.840217441991434999e-01
2.798573247554355659e-01,2.678214143920498724e-01
2.861941944687340644e-01,2.907767370371845961e-01
2.120906077312368909e-01,2.720010665229073976e-01
2.083558233153098294e-01,2.936528392071635629e-01
2.733514547074863410e-01,2.602148886233628389e-01
2.260726739305423116e-01,3.220782832775627713e-01
2.842853146918235541e-01,3.013584883535695425e-01
2.663383011637256437e-01,2.551664491864132911e-01
2.851925973869750552e-01,2.981248455444981960e-01
4.123879294982135124e-01,1.348226142595795041e-01
3.954694225190777956e-01,1.228950339961598914e-01
4.162342883554789319e-01,1.404275737118995948e-01
3.690143532174596785e-01,1.964045141922882709e-01
3.853696943402838415e-01,1.207080452771236434e-01
3.483596196872529305e-01,1.401758618590537853e-01
3.437082503937481381e-01,1.531382701444069794e-01
7.199531809185097941e-01,7.285474887670083666e-01
7.790293235362771851e-01,7.500296210012167286e-01
7.368365190971913892e-01,7.506906238432845546e-01
7.378457115113501441e-01,7.512953873891570211e-01
7.544960998312328915e-01,7.564430482210596773e-01
7.186441958410161313e-01,7.127493699333543598e-01
8.994721311490644355e-01,3.906773739737600670e-01
8.594701041472770919e-01,4.137375128403578128e-01
8.246714381473214672e-01,3.749309422507893785e-01
8.995644032092384723e-01,3.904665729095103677e-01
8.798600276343608861e-01,4.104868927537194678e-01
8.897931131394746229e-01,4.040082102705246925e-01
8.971008377757190289e-01,3.545976198538534629e-01
8.704023935392602995e-01,3.364193208841603777e-01
8.967909096100787902e-01,3.957198349222665890e-01
8.360837710564799075e-01,3.473158904130218549e-01
8.530813776082623034e-01,4.124903541643315519e-01
8.493058240023453331e-01,4.112086734486692929e-01
8.604230147380971250e-01,3.359864857413696893e-01
8.690644999825276606e-01,4.136054963477984736e-01
8.267445268793857105e-01,3.623520305794377117e-01
8.713323157522707696e-01,3.365920567496625271e-01
8.759099144728244024e-01,3.377920547563592057e-01
8.401321058099091577e-01,3.437823391695501440e-01
8.324918888985077814e-01,3.983565229430276466e-01
4.002173587772223096e-02,2.773813380776322668e-01
9.640820040489466169e-01,2.949409910495509046e-01
2.967590458642543200e-02,3.169597309338065827e-01
2.134662141554492104e-02,3.230523446416390110e-01
9.658585869594356055e-01,3.018752689607308581e-01
9.773400040919889564e-01,3.185065882563379303e-01
4.058959169696440411e-02,2.980587048569944830e-01
9.706330957242281787e-01,2.663776787984544758e-01
4.057185891233358599e-02,2.793775022257320995e-01
9.787849094871630129e-01,2.578305298503777987e-01
9.934992053567711645e-01,3.267293032058578017e-01
4.108335716248545655e-02,2.957445746173539836e-01
9.655460096053162244e-01,3.009633641856651609e-01
9.755095934366831978e-01,3.168467945499044980e-01
9.879640367023585501e-01,3.249502271181349267e-01
3.316155791509343698e-01,9.188298137840981150e-01
2.943793169818221256e-01,9.629234360776011137e-01
3.245585079287081620e-01,9.197492553275186111e-01
3.173774268396165610e-01,9.936166435347838499e-01
2.967839394360123895e-01,9.722197284628286695e-01
3.548354268973006320e-01,9.903290286776423867e-01
3.174427597145714208e-01,9.936453260512384533e-01
3.717727489454025758e-01,9.522706124836681774e-01
2.999717331879681592e-01,9.371862482024759800e-01
3.568213861331309134e-01,9.889083934181173152e-01
3.326439076238310588e-01,9.969232991977216018e-01
3.152488841505915462e-01,9.926020928267140775e-01
3.653900787265666472e-01,9.358624420726359139e-01
3.206624325352808724e-01,9.948888615999522678e-01
3.395556875240752226e-01,9.963910985775126239e-01
3.504572102908296016e-01,9.228629294425348961e-01
3.602578156993592184e-01,9.297740577332279654e-01
3.488967570966869935e-01,9.935951577629839049e-01
3.438097991878438231e-01,9.202943224626118912e-01
3.577138154370504974e-01,9.882060809001929069e-01
3.639196948217864880e-01,9.338467503786742618e-01
3.002093503836782973e-01,9.789170370233346574e-01
3.113082177471607204e-01,9.902741396192672463e-01
3.202162737867023101e-01,9.209913956312926198e-01
3.106399106751443484e-01,9.898143780228231270e-01
3.598191613109623654e-01,9.863705469027154171e-01
3.671884769866315956e-01,9.387659110617248004e-01
2.976016202688026580e-01,9.415897020126264838e-01
8.429480213001361300e-01,9.184818335216431429e-01
8.934513937627126534e-01,8.600127250027970183e-01
8.387805396589899098e-01,8.734601333070713958e-01
8.570364237707400745e-01,9.288695740674820511e-01
9.112327253388992077e-01,8.873603032430252835e-01
8.506409992557714128e-01,9.253512940415504762e-01
9.110776597318782644e-01,8.996801661552150664e-01
9.088593158508856407e-01,9.075269017953979667e-01
8.980738361003234305e-01,9.226350396766062056e-01
8.908495936114687597e-01,9.275639950409642065e-01
8.470790579856035674e-01,8.634484890972223825e-01
9.032041760944394815e-01,8.687794723597724866e-01
5.218976666771200090e-01,7.502090443190312374e-01
5.028891066376752761e-01,7.317999459186115274e-01
5.209436620820456776e-01,7.864259016901771204e-01
4.885729872580134026e-01,8.064294965260556669e-01
4.542797812749377329e-01,7.458022062365450289e-01
4.699924546007535064e-01,8.026562130748815527e-01
4.819918472443074364e-01,7.286437263123681785e-01
5.201949130128006304e-01,7.877109269112362311e-01
4.751481279168386918e-01,8.046827566469711979e-01
4.890211740559712861e-01,8.064068328257036899e-01
4.483863243551001188e-01,7.604492965321486553e-01
4.477723319989753703e-01,7.665008345286370428e-01
5.248513929772403719e-01,7.763404781723924897e-01
4.555483800238763759e-01,7.440033083934494140e-01
4.570014513961404568e-01,7.421777144257911685e-01
5.257964445116733998e-01,7.700620824259706287e-01
4.478098258032702228e-01,7.693417736070921054e-01
5.327312612591085239e-01,2.743756861572352324e-01
5.705675833597984026e-01,3.259039250805499943e-01
5.724741994674409362e-01,3.101404200332144590e-01
5.709337269265604142e-01,3.020996518657317331e-01
5.680446327308670273e-01,2.950985150142061975e-01
5.239203795109180772e-01,3.512864465737198794e-01
4.959561226403617629e-01,3.028207627074790964e-01
5.721867899955087600e-01,3.076754499183491087e-01
5.701509162384793550e-01,3.270781468510889911e-01
4.944885302823366913e-01,3.136470724658996234e-01
5.248706948047272558e-01,3.515155671052190844e-01
4.961550092718491900e-01,3.021396980307826108e-01
5.381056678641698010e-01,2.746336082626509301e-01
5.538714732491908377e-01,3.467902599999047042e-01
5.661561658252466378e-01,3.349410944601177165e-01
5.616351158721716308e-01,2.862794756244639305e-01
9.677277226573796076e-01,9.646326216545819676e-03
9.603379454880435206e-01,9.323663558817670838e-01
9.871731767406651814e-01,9.991656322392753475e-01
9.730749066686603665e-01,8.114879329544910647e-03
9.274433627327187679e-01,9.493528109356733635e-01
9.509681143217065813e-01,9.333430700730263041e-01
9.795856566411916821e-01,5.029479338043207903e-03
9.206536484208758253e-01,9.732497313325896293e-01
9.258594516130906893e-01,9.909806655672125375e-01
9.843146789994491330e-01,9.411133475825241845e-01
9.208851299151584735e-01,9.760435204584794189e-01
9.560027402959355713e-01,9.325335514536083892e-01
9.240831218877150199e-01,9.553232195270517924e-01
9.765435943309211941e-01,9.361914535066269138e-01
9.556652685273224757e-01,1.027952323789826927e-02
9.950384435905773595e-01,9.880121791814594490e-01
9.431271128131719639e-01,9.360381982068662898e-01
9.522722829356162766e-01,9.330682548834010603e-01
9.513487472442689885e-01,9.588353464958343508e-03
5.575800250009022019e-01,7.091509635050829985e-02
6.093259917259921110e-01,3.743260741565936772e-02
5.315034243743597120e-01,3.747615993906662502e-02
6.069645056694303875e-01,4.779929689065492981e-02
6.018552646445440857e-01,1.084202145741791634e-02
5.797524198917510807e-01,9.960911220153770840e-01
5.644242472282464673e-01,9.954199346374165147e-01
5.694656645463103128e-01,7.307168016889917239e-02
5.851769082157313173e-01,9.978557691999520030e-01
5.334703169125970534e-01,4.671447560301848767e-02
5.806167160786783743e-01,9.963144479602759063e-01
6.034938713892104012e-01,5.479374083766903880e-02
5.336531619647431057e-01,2.080669722422344436e-02
5.627947223494217388e-01,7.233311633208673597e-02
5.988916455903195990e-01,6.075703406246350108e-02
5.313524338097519450e-01,3.443025056439610182e-02
5.577604625328467236e-01,9.970639648875986305e-01
1.002832631934283542e-01,5.181112903223379362e-01
1.342955006986808475e-01,5.178222120544847540e-01
1.232901622507797529e-01,5.144874058876593992e-01
1.024548002882474385e-01,5.891434217840220144e-01
7.984070089872122300e-02,5.631814405787597400e-01
1.029413741679232192e-01,5.169189789921774247e-01
1.167962764720098384e-01,5.921859856164677360e-01
7.898647861114101165e-02,5.591132959206731590e-01
1.006038152833970134e-01,5.179547089207902077e-01
9.533817178124984193e-02,5.852377864570992294e-01
8.771575638038278666e-02,5.783011928661698775e-01
1.079507534935923302e-01,5.152765621523370809e-01
1.477236856397796116e-01,5.282772442317981154e-01
9.045757746536656208e-02,5.812349880711092931e-01
1.533517194737724632e-01,5.374199404987513029e-01
9.920498815731046416e-02,5.875979389024154065e-01
7.895227991575440307e-02,5.473747561424943120e-01
8.258481209983586924e-02,5.357926040116657296e-01
1.274854084140576438e-01,5.153436164539983988e-01
4.418705916615083273e-01,3.119717154411518201e-01
4.116516243756351834e-01,3.641601084655686771e-01
4.731770639973589265e-01,3.805859270780519998e-01
4.263908820445703185e-01,3.828823480959021031e-01
4.813594172117053316e-01,3.297794768325594816e-01
4.851451695517077778e-01,3.633441200014512762e-01
4.605766787206332369e-01,3.875765908256085801e-01
4.509827785034754566e-01,3.115426618549825832e-01
4.110308662444437378e-01,3.623633778236765579e-01
4.366047446475755378e-01,3.132236924179570559e-01
4.867978173729765046e-01,3.568380592244353444e-01
4.861991194231020663e-01,3.412441853356932286e-01
4.124314046220167729e-01,3.660918860724090562e-01
4.118124234584211729e-01,3.645837213509950936e-01
4.823172626517115424e-01,3.696248213056825827e-01
4.792006117200445781e-01,3.266763130969333462e-01
4.457139186458098368e-01,3.894895472764637323e-01
4.652228983588302391e-01,3.856925849482073509e-01
4.863922153980543284e-01,3.589448653475491580e-01
7.626912480442110676e-01,1.140159483922077582e-01
7.411569778322021351e-01,7.984367332714094323e-02
7.501666513927399693e-01,1.434266035706238118e-01
6.940675495790851190e-01,8.922977026141490353e-02
6.945581403999020464e-01,1.408401380930082714e-01
7.573537683541171628e-01,1.344786702257808608e-01
7.094468957865190939e-01,1.511506560736756710e-01
7.621901106379156410e-01,1.210364427152514771e-01
7.123873965960587640e-01,1.521641494340215950e-01
7.156230848319928839e-01,1.529880904901239347e-01
7.612630126322369462e-01,1.042648429817161493e-01
7.617800135634602565e-01,1.231761409956619591e-01
7.427179261482891315e-01,1.488406737135668234e-01
6.658783780433484845e-01,6.671359937241044813e-01
6.594940371655518829e-01,6.632516567266111274e-01
6.400963134309985980e-01,7.374020363058323424e-01
6.292675221425697574e-01,6.616503600529003437e-01
6.755792367646384911e-01,7.191493276351957897e-01
6.176716175311410817e-01,7.285888335276471395e-01
6.805300932478003384e-01,6.895949823590817873e-01
6.042697433683025254e-01,7.065474750202564991e-01
6.724798329480786707e-01,7.234246685968342971e-01
6.294331775093101600e-01,7.352328772934912937e-01
6.105762576076760872e-01,6.758664417048729778e-01
6.806728236923175190e-01,7.065887202910364762e-01
5.022122329457041623e-01,2.515048569394559008e-01
5.701449571317593890e-01,2.802306603565716259e-01
5.068385736542415643e-01,3.082949968006408747e-01
5.532479975638219249e-01,3.099497283495552535e-01
4.985560986418648977e-01,2.992403307477357055e-01
5.548782540163146315e-01,3.087693858764571364e-01
5.548841035324774129e-01,3.087649156810786666e-01
4.927935377447895116e-01,2.850576609697243469e-01
4.921153835331112392e-01,2.788231374933886064e-01
4.925262545245776558e-01,2.834843456305622400e-01
5.164550121641808822e-01,3.139178902507606672e-01
5.069260605858778579e-01,2.470955058212304101e-01
5.436928493554441522e-01,3.147282224100367842e-01
4.921072153783934144e-01,2.784763396444538963e-01
5.577626172847924835e-01,3.063362038757678207e-01
5.007233541399743748e-01,2.532486989022921797e-01
5.197740884011652351e-01,3.150954672989784711e-01
5.472305285293661559e-01,2.421251849383940224e-01
5.492083256202412445e-01,3.123742983192026035e-01
5.130291231713726141e-01,3.123284651732523010e-01
5.045811462776995659e-01,2.491064378257920042e-01
8.539478636769072262e-01,4.400874101540862282e-02
8.744911706238042148e-01,4.737700435390974213e-02
8.476944816097773394e-01,4.038779960367024774e-02
8.313260847592214287e-01,1.099524882384880255e-02
9.064039744747309779e-01,9.935990517315531623e-01
8.751818381164561123e-01,4.729644770687740224e-02
9.048661162869330310e-01,9.903222664383343199e-01
8.323562242485664786e-01,9.993033422742997329e-01
8.705873725556306786e-01,4.760030848371070433e-02
8.938102006756754037e-01,9.773349515688773970e-01
8.740505637506557068e-01,9.696556698078506731e-01
8.695674528420257454e-01,4.759420184598430609e-02
9.093737615869621482e-01,8.512761129624490594e-03
9.049132763824930814e-01,9.904120063391255169e-01
8.485817355659056593e-01,4.099962573390548981e-02
8.790393219571787098e-01,4.661371066339566743e-02
9.004651568601399481e-01,9.837069090129227922e-01
8.437264332402742983e-01,3.715915022215901531e-02
8.666413711628666583e-01,9.696490588045993952e-01
8.329449054632389604e-01,9.971531051752514641e-01
8.639014278103231970e-01,9.700057747073494996e-01
8.992606707620519613e-01,3.476493756453960526e-02
9.089840393474275526e-01,3.034618850151256028e-03
8.314895694010820959e-01,1.286942499161583889e-02
1.294526351395965669e-01,6.279184212341201721e-02
1.109643187554658628e-01,1.016390756350677160e-01
1.767796503925107010e-01,1.243320498159560389e-01
1.454022114245432928e-01,1.350582822465679900e-01
1.420454595194073910e-01,1.345425545539659373e-01
1.653409220901063126e-01,6.045485126125437619e-02
1.480254993302721478e-01,5.719874430419003702e-02
1.829236852979198857e-01,1.166908367004090841e-01
1.252299681602052073e-01,6.573918654213771473e-02
1.416210906047256357e-01,5.799901008727065266e-02
3.267352350028462915e-01,1.829205118223441728e-01
3.613367340944309558e-01,2.065774081697780706e-01
3.271222273211872311e-01,1.837940771013576446e-01
3.345979847918258976e-01,1.403434173603353430e-01
3.383871103611247322e-01,1.981574720387350164e-01
4.011517435380899665e-01,1.740783851385221404e-01
3.980273354200204450e-01,1.840799344035339569e-01
3.662304920556918031e-01,2.064339052549951092e-01
3.508191466513467249e-01,2.047673855153953337e-01
3.823972958497764973e-01,2.012348116234324580e-01
3.334129513799250488e-01,1.416213243440084257e-01
4.013350856604513961e-01,1.621851521061559998e-01
2.744016130474477011e-01,2.362061478124418690e-01
1.999546662812937137e-01,2.195985409293874924e-01
2.432880919299614531e-01,2.584870552906340935e-01
2.156667265203268402e-01,1.883436040099977227e-01
2.043408963692230629e-01,2.376431387236795090e-01
2.345727958755589870e-01,1.808498940204683048e-01
2.769918041196696712e-01,2.288131023269255604e-01
2.710937792344653707e-01,2.419514975802363188e-01
2.399814866064497176e-01,1.806081505453895897e-01
2.107663982324620155e-01,1.926814276962557082e-01
2.094291135802869575e-01,2.451622501161525858e-01
5.264357897697177213e-01,8.679015345614301546e-01
5.083947537488753277e-01,9.017043914980804598e-01
5.808942170713514708e-01,9.210106653795635534e-01
5.830671951859800473e-01,9.168664113219582301e-01
5.581758791722483126e-01,8.632712025560101976e-01
5.346193689067268995e-01,8.639355226017262357e-01
5.192616076580255369e-01,9.278766071134576521e-01
5.777635751298216826e-01,9.254651712044180689e-01
5.450943489348879512e-01,8.618400069766667393e-01
5.260240851145608909e-01,8.681678823375538201e-01
5.094953365853474025e-01,9.100788406559207067e-01
7.310511770349118477e-01,3.314628473152693711e-01
7.479819769355222636e-01,2.859723115446393127e-01
6.821801726353384776e-01,3.245935565618389140e-01
6.975079043321816830e-01,2.613208220115906810e-01
7.167333277507236255e-01,3.366551156471713213e-01
6.872599861149665257e-01,2.668914762914834649e-01
7.481516306354283330e-01,3.095747119334285591e-01
7.027997924540339003e-01,2.598131074465784285e-01
6.744403455521507107e-01,3.122406447245936190e-01
6.756439239433930100e-01,3.150050610960250519e-01
7.004981946886607025e-01,2.603699629870782628e-01
7.490059799111262739e-01,3.063189953193086179e-01
3.992332425743094215e-01,1.850792942644777228e-01
3.469125725024292950e-01,2.336576571766406929e-01
4.227651031183469743e-01,2.174386160774026966e-01
3.489792840956156827e-01,2.385669783765505536e-01
4.223091622907787501e-01,2.279114843975828530e-01
3.448561370249470515e-01,2.230471651860014559e-01
3.546051569580480067e-01,1.951115169646372161e-01
4.105207829827277610e-01,2.495452608721026588e-01
4.216826931557993707e-01,2.112106437939319792e-01
3.911067639941588903e-01,1.826061553788478620e-01
3.455733899876386461e-01,2.132668257016646085e-01
4.150581893658502053e-01,2.445038217905254885e-01
3.689678859327841232e-01,1.848809011527100810e-01
3.875846206681876627e-01,1.821064667458958120e-01
8.857745932488487739e-01,7.126403551450230522e-02
9.327186628756997111e-01,1.257812802602562841e-01
9.343317066546404925e-01,9.487677596918224487e-02
8.593798889079489189e-01,1.160048090772963225e-01
9.358171899087648349e-01,9.988790678361335329e-02
9.107299507574562192e-01,1.452871401643740790e-01
8.741509773241868952e-01,7.729854899957461223e-02
8.656867773458659654e-01,8.608538699339837730e-02
9.171875395882187476e-01,1.423176966907667707e-01
7.591658625267538874e-01,2.334595874266460758e-01
7.043515926549024364e-01,1.864751897588369511e-01
7.086598730638423715e-01,2.198258513598645714e-01
7.307848571450030750e-01,2.362048999137617844e-01
7.269418814279141605e-01,1.623744822217375594e-01
7.463067479610073773e-01,2.373956740887250838e-01
7.100553617600513512e-01,2.218445000875730044e-01
7.150750813474692213e-01,2.274254144947827350e-01
7.176885076556565046e-01,1.676472039845180451e-01
7.737663078940983929e-01,1.766543623883137237e-01
7.027602595942022967e-01,2.038428746768654043e-01
7.089456929939291774e-01,1.770046084054961444e-01
7.167263487371430264e-01,1.684100985052212618e-01
7.647208161836126505e-01,2.300252696508569838e-01
7.256725122996749988e-01,1.629093892767583818e-01
7.491116641341337701e-01,2.369418125903640093e-01
2.284724371371467389e-01,5.849173314024094239e-01
2.279717270854621225e-01,6.486362916759569330e-01
2.724613627082606571e-01,5.844333537194746908e-01
2.636857658928482562e-01,5.800707557794690938e-01
2.644317937457852374e-01,6.535693408964651230e-01
2.392986760014232661e-01,5.796302710004811454e-01
2.125112422566274029e-01,6.245807718733571434e-01
2.315286655733862220e-01,5.829890615647996821e-01
2.132889672471642295e-01,6.061309501779377218e-01
2.678555226798738365e-01,5.818013182090511215e-01
2.863542788604158118e-01,6.331821304012950069e-01
2.344135017437338764e-01,6.524035043471355655e-01
2.626147178794425718e-01,5.797144833166673061e-01
2.251433764170501783e-01,5.875182869056426727e-01
2.651451787349921041e-01,6.532962077704366211e-01
7.056679976639276264e-01,6.485445559026586926e-01
7.211109794547709839e-01,6.569318993332009526e-01
7.523489015651804168e-01,5.862234842214802955e-01
7.706065677307804007e-01,6.202148989907458887e-01
7.581424190641427030e-01,6.479094257258328771e-01
7.704393971859446744e-01,6.155657091555494231e-01
7.694501069414844130e-01,6.098131525104587558e-01
7.607224658491738012e-01,5.933080764562064235e-01
7.424218692522729368e-01,5.817709493896120465e-01
7.392415451390892400e-01,6.575902419621104666e-01
7.663548804235842393e-01,6.370353768814448481e-01
7.621531876126065308e-01,5.950091990134144249e-01
7.693242319663268214e-01,6.093233834209632604e-01
6.986729099749265925e-01,6.403781542073461175e-01
7.691950794884755416e-01,6.088462773021008356e-01
7.425114439243327702e-01,6.567859380812540726e-01
7.466712130211226039e-01,6.553106143737009726e-01
2.915103021329490396e-01,5.440567251455997733e-01
2.355034241786405635e-01,4.900038715313302373e-01
2.661490871339022846e-01,5.581893904213854896e-01
2.610671981369154793e-01,4.803823062850050007e-01
2.943974671962643064e-01,4.988956282338810611e-01
2.996483109701868486e-01,5.126757988412457001e-01
2.263905662615600667e-01,5.372154376332420878e-01
2.849745613589806936e-01,4.884681654896945169e-01
2.594990456747323648e-01,4.804181970773690469e-01
2.494478241690765152e-01,5.567047031898531007e-01
2.236407970094531905e-01,5.086311589312615400e-01
2.758168968731061765e-01,4.832293961226640788e-01
2.557765661008942759e-01,4.807572258733229242e-01
2.935121465648595773e-01,5.413604140847635415e-01
2.968877990503665520e-01,5.352749842929909185e-01
2.555383230166033970e-01,2.724922885129461569e-01
3.255845139909872565e-01,3.039108705030191815e-01
2.548290283983374316e-01,2.869216388998391820e-01
3.035748482881083232e-01,3.193396384490405637e-01
3.281436021197806641e-01,2.634943843622974402e-01
2.603800734594102773e-01,2.609226075598323202e-01
3.120684089296162367e-01,3.159729215031248928e-01
2.597024209862418553e-01,3.011322360407920340e-01
3.210158440850645056e-01,2.538392949232615714e-01
2.784565488702271940e-01,3.176303963768677407e-01
2.600453108228665822e-01,2.614693941172366864e-01
2.575740420780218143e-01,2.663168876085463821e-01
2.783169761457344737e-01,3.175717156512958272e-01
3.143691909544338303e-01,2.485546634530203802e-01
8.382157684185658209e-01,2.744267272864850393e-01
9.016649325977461604e-01,2.844049761587076341e-01
8.435327153167974101e-01,2.322660161768037301e-01
8.946621383971166130e-01,2.246818814347719684e-01
9.007867162542350092e-01,2.852968887208339188e-01
9.001884283218251070e-01,2.858729592899817429e-01
8.617626270573049974e-01,2.947378863879713262e-01
8.884760483415951038e-01,2.934815795819649686e-01
8.565414794503017903e-01,2.222079851311620224e-01
8.539837803052021670e-01,2.913456753517860709e-01
9.124280721841095954e-01,2.559276982108675269e-01
8.345655147223489667e-01,2.531887531286762805e-01
8.719467304249653994e-01,2.184119926757443486e-01
8.837947083460483411e-01,2.197948986545100736e-01
8.773151070354441305e-01,2.185823128301956353e-01
8.492378782297147488e-01,2.881446157907767702e-01
9.080974713955265454e-01,2.753816217636371744e-01
8.345748067549553229e-01,2.531048706904496237e-01
9.029714955910507213e-01,2.829646617980109413e-01
8.421919082431091885e-01,2.809473399272424676e-01
7.047985279764783506e-01,6.809003976317548057e-01
7.563092981670918036e-01,7.353362241957144274e-01
7.003169660626237247e-01,7.084574768496669783e-01
7.191584416352201359e-01,6.666358935924495688e-01
7.686387466921892342e-01,6.756030835193034267e-01
7.466546168365315594e-01,6.623189418118515803e-01
7.588858252158204865e-01,7.338975932481679454e-01
7.415852119825555588e-01,6.615893961926304634e-01
7.311485299964873841e-01,6.621836990413808577e-01
7.377420135011433233e-01,7.395889435004162626e-01
7.478501579792204979e-01,6.625916038655379481e-01
7.493289570005755573e-01,6.629842248536670368e-01
7.724603301244583609e-01,7.199559362535954410e-01
7.480038902806053214e-01,7.384407972285227384e-01
7.711607458220212097e-01,7.220658456703581418e-01
7.144531088664118901e-01,7.312657265611118840e-01
3.144269290588501409e-02,2.771234227747368939e-01
1.033834462154036016e-01,2.904722443264691756e-01
3.085906362541054881e-02,2.694262822139259494e-01
8.665445939155853872e-02,2.350437695962975249e-01
5.306712161066515915e-02,2.350915588488911301e-01
3.542123027051084783e-02,2.886753844003712155e-01
3.276232452745423546e-02,2.582587759289672324e-01
8.811109866394320478e-02,3.048993824669918862e-01
7.123367465274463295e-02,2.312958012585815404e-01
5.411729064818486534e-02,3.060631809325410901e-01
1.089575592015452205e-01,2.692210522630306135e-01
1.086955650792321426e-01,2.749871584672301528e-01
3.478708896715947130e-02,2.532422822917501093e-01
8.878624124109080196e-02,2.361364402318128497e-01
8.005651022077389656e-02,2.326139316344331687e-01
3.085447539126658090e-02,2.710207554738602309e-01
1.075702422256062385e-01,2.807117489194264071e-01
8.879632376085887235e-02,2.361420068869971578e-01
8.310300709499489347e-02,2.335684000738534882e-01
5.308959474523438082e-01,8.847031108457882320e-01
5.199001736103993077e-01,9.490457816062446428e-01
5.352296739182986762e-01,9.370420161392080116e-01
5.205186397243892760e-01,8.777491930074962090e-01
5.176598546881737706e-01,9.499446101331534553e-01
4.990097851935919593e-01,8.745484537396088776e-01
4.684727957509492446e-01,9.289578430477658522e-01
5.352541824787775404e-01,8.895079026747755302e-01
5.411768889498750346e-01,9.259743605487747997e-01
4.651818287364471449e-01,9.128179712131695434e-01
5.094658817060351286e-01,9.519705798106880001e-01
1.002442959641645231e-01,8.497485332300620808e-02
7.011585652388241385e-02,1.453726572218742574e-01
8.664195033212990227e-02,1.404868322857967533e-01
1.016120535991660856e-01,1.255628756864289042e-01
8.345635617956775887e-02,7.070346987260403560e-02
4.039238592460805272e-02,7.834144185664110305e-02
7.282430536805679921e-02,6.768429408675445680e-02
1.066147746946637109e-01,1.050032733490263853e-01
9.027613282506888326e-02,1.381831275483674237e-01
3.099076140625651316e-02,1.200794756586933409e-01
3.040127896560100573e-02,9.439920869782793267e-02
1.014723696647780726e-01,1.258087874322490196e-01
9.478533044190753931e-02,7.836445498631217088e-02
6.711441418267691805e-01,1.696793354780619378e-01
6.150230513191524695e-01,1.158695236590887856e-01
6.649494195895332416e-01,1.740220657210412025e-01
6.536585362589063530e-01,1.017661601889658374e-01
6.157600727328024215e-01,1.149606173974089263e-01
6.819649026373930667e-01,1.254263145050083517e-01
6.830272332839559812e-01,1.284083453161768973e-01
6.390348249624230315e-01,1.015307401724362957e-01
6.847362501682772162e-01,1.420927940568968983e-01
6.843684461881947012e-01,1.457489912220980011e-01
6.105426906671055365e-01,1.569800485509919019e-01
6.191776069377493696e-01,1.686667341530586617e-01
6.294732289532600777e-01,1.755347680049859638e-01
6.542712615118829733e-01,1.781324131994433679e-01
6.800642430488995638e-01,1.586425535606868220e-01
6.155845293351072112e-01,1.648586353469798094e-01
6.847376080393769993e-01,1.379635956459064061e-01
6.825273663906975541e-01,1.269095912340401366e-01
6.089694205316754649e-01,1.268013596069654803e-01
1.800476095700863088e-01,3.638216220038207882e-01
1.800627094940870920e-01,2.858100492999687825e-01
2.191800276718022800e-01,3.372800270291850255e-01
1.815287451431093213e-01,3.638736530483333564e-01
1.740575011658881954e-01,3.630293229010859157e-01
1.802497347554548324e-01,3.638320397404908313e-01
1.832197056981235139e-01,3.638643476603570792e-01
2.163228330236651731e-01,3.437564938157737227e-01
1.536079939396653438e-01,3.514752158574272478e-01
1.449991576300680429e-01,3.368578971113082576e-01
1.891397425335825111e-01,3.632499855374000663e-01
1.952882969743167108e-01,3.616063068148409609e-01
1.627567757072128085e-01,3.587193443218544275e-01
1.890651722709105476e-01,2.863690314064485931e-01
9.846997766052734136e-01,7.843797192859151002e-01
4.954486249345656235e-02,8.276914412870035598e-01
9.852841377709798953e-01,7.834099449036039386e-01
9.802355703052999525e-01,7.959401443305894608e-01
5.693939435128001630e-02,7.974087280817154788e-01
3.135788216092003089e-02,7.671866138474008334e-01
4.821286563234448985e-02,8.293482562817375836e-01
9.641068645632685369e-03,8.421106761962523501e-01
9.842179262763827152e-01,7.852305348087276204e-01
1.273249816464910519e-02,8.426958682115052168e-01
9.810906287031366801e-01,7.926324647029483472e-01
3.321862061913293668e-02,8.402150079149898199e-01
5.151392080208246765e-02,8.248478481584652355e-01
9.946085261326990112e-01,7.731076757323276372e-01
6.917391256142296774e-03,7.667310493534105209e-01
9.835290536398820782e-01,8.215655456419556080e-01
9.891812927414986856e-01,7.781798853090218238e-01
9.915474126564042257e-01,7.757279995958710206e-01
2.248641704817282150e-02,8.429065010022103177e-01
6.466245976287570141e-01,2.562089130003219473e-01
6.359559301511896745e-01,2.608544486910049920e-01
6.392013845316144582e-01,2.598336313341363946e-01
5.914523917965187616e-01,2.046408153360462501e-01
5.909458691542202047e-01,2.406162893253174229e-01
6.371602570935063214e-01,1.857216127238853209e-01
6.186589523791825584e-01,1.847254160454958327e-01
6.631290706261899759e-01,2.348463734310292927e-01
6.618181799484348371e-01,2.078342233432710073e-01
6.634711151484169456e-01,2.125346686540635077e-01
6.028461736876321586e-01,1.915601364769501658e-01
5.894835139249975375e-01,2.373278352872383312e-01
6.101303754112353817e-01,1.873652422453321864e-01
5.909599318081028008e-01,2.055890666713514614e-01
6.649076722767234271e-01,2.244882572424233558e-01
5.896980506026419100e-01,2.378653436549160727e-01
6.647388772221187736e-01,2.192396263280429192e-01
6.618392198388862724e-01,2.078838103536293780e-01
6.614124305079944754e-01,2.069129357293316984e-01
6.032908576189863759e-01,2.549929366069683678e-01
5.875147377914849978e-01,2.305200483620104546e-01
5.868117848950031856e-01,2.237433044974048435e-01
6.241166039927850129e-01,1.840935349770023155e-01
6.511985334511972701e-01,1.933794004999536131e-01
3.744454900503171868e-01,2.836491665520949335e-01
3.356567745011125314e-01,2.268745128838861591e-01
3.396959522528629760e-01,2.689955906606691927e-01
3.611626527929813757e-01,2.827640874224658929e-01
3.351737459710117939e-01,2.278423325228423058e-01
3.351288615114623171e-01,2.279357876325198706e-01
3.344846408956064221e-01,2.293536128018975051e-01
3.338914979375703918e-01,2.587896447836747771e-01
3.868587057860014555e-01,2.802092794165692569e-01
3.440490416758099079e-01,2.159311303617149069e-01
4.067661175308370236e-01,2.306334903643307843e-01
4.000809391209866894e-01,2.701527751263063104e-01
3.919471831679158802e-01,2.122427666801482149e-01
3.366092552716899999e-01,2.251396770547922088e-01
2.476881089797473290e-01,4.507027557217127556e-01
2.098347115974537047e-01,4.435847548780271210e-01
2.433807543527507500e-01,4.519060118457154940e-01
2.258155326092471660e-01,3.757867055603558715e-01
2.175246101798832543e-01,3.788294556555160675e-01
2.434254175236316708e-01,4.518962250955837479e-01
2.633237447500428319e-01,3.867992030737549269e-01
2.374670750448141798e-01,4.527310933942026439e-01
2.083741240249750992e-01,3.852008937505542185e-01
2.628077246090164687e-01,3.862677591569896873e-01
2.283001409855749675e-01,4.522202614785070240e-01
2.239751376403814054e-01,4.512059865458564190e-01
2.534669544942103614e-01,4.481880775319141419e-01
2.017136362267533956e-01,3.933698881938864078e-01
2.740984778537649547e-01,4.130607468744869060e-01
2.932974303792241222e-01,8.844292195172505089e-01
2.514673765998216570e-01,9.153641890892108002e-01
2.665167506814588583e-01,9.547585095224971896e-01
2.820986765729146528e-01,8.850127725950207580e-01
3.105632113165590624e-01,8.902961475647059864e-01
2.750474318056682077e-01,8.871203245386410918e-01
2.688558920619534276e-01,8.902963905220384611e-01
2.974477676767303680e-01,9.616150197051558379e-01
2.547478137249085117e-01,9.059041492274656493e-01
2.582383138721989213e-01,9.464659323683640713e-01
5.384299001279224672e-01,4.531288423313215574e-01
4.884309182567733720e-01,4.463042591764055933e-01
5.411257367850217381e-01,5.020489375518276676e-01
4.709487454853322763e-01,4.861604548926789504e-01
4.746013779514748343e-01,4.970144103140862191e-01
5.290330883619271951e-01,4.454944094191031767e-01
5.364731962731381643e-01,4.511066332336214346e-01
5.402623636798671303e-01,4.553206775133133988e-01
5.303695440427214081e-01,4.463077661774392246e-01
5.342486510244310871e-01,5.094010397642066978e-01
5.470029274134994290e-01,4.898322993630661593e-01
4.843092823232225674e-01,4.493220909839968913e-01
2.646631365547669201e-01,7.064490262591829328e-01
2.752579178810811156e-01,6.791642101654621344e-01
2.815106027338317718e-01,6.737832627917672568e-01
2.713403506451042002e-01,6.840689406620532598e-01
2.676720286891782208e-01,6.908737613949404999e-01
2.648334487446429852e-01,7.022340276219324329e-01
3.395638593142581985e-01,7.214482200349050522e-01
3.406482872082435276e-01,6.931754870827250281e-01
2.709262758707884911e-01,6.846955834695197529e-01
3.286127754881963958e-01,7.360215960384440814e-01
2.842940359247096982e-01,6.720277701446751850e-01
2.874484326550817981e-01,6.704050447455526252e-01
2.648450842286098061e-01,7.097194673350821770e-01
2.738052144663742360e-01,7.310333260241101971e-01
6.234496871673217422e-02,4.881909550696823530e-01
9.910997846625730912e-01,4.697863900982141572e-01
9.875186700164680920e-01,5.070424207100165948e-01
9.869860998835834343e-01,4.776596173281223434e-01
2.934889733886388713e-03,4.584472379797190911e-01
4.129594264388709857e-02,5.264376315670067363e-01
5.494218322518096276e-02,5.147924864708349757e-01
6.222614522617445770e-02,4.870571536604935692e-01
4.710012478468390135e-02,4.606133565376728245e-01
3.831424366131989945e-02,5.278148361368415475e-01
9.931675831761503925e-01,4.670078229826056249e-01
1.868914785073835100e-02,4.529225857526337773e-01
9.929011845113444590e-01,5.160520846428033881e-01
1.101792785361804944e-01,7.258510994803360483e-02
1.127364724904099391e-01,9.948217204352534093e-01
7.198161025572463734e-02,1.830417221685747692e-02
8.718825895359576250e-02,4.867979555880502796e-04
7.874401540368894392e-02,5.954979039338528790e-02
7.129777219107574782e-02,4.714999465509055881e-02
1.376799948669352736e-01,5.890201026597169376e-02
1.030972497252867770e-01,7.234978171709632866e-02
1.220369487625634214e-01,7.001375674491963630e-02
1.328720460324699093e-01,6.365040290023989134e-02
7.218200613565683987e-02,1.784113744600773072e-02
9.397290580253976622e-02,9.971035415766258403e-01
8.298197455368389042e-02,6.364509899560236161e-02
1.312897449259942395e-01,6.489572946932323227e-02
1.310895796886107079e-01,2.130736593823311098e-03
1.153319345072231494e-01,9.952325758761236818e-01
8.193249094195874382e-02,6.274213056418144474e-02
1.069172721378975760e-01,7.263677482351832415e-02
1.422405284632167755e-01,5.226040369552718140e-02
1.449773034085704293e-01,4.597254187185469132e-02
7.509677554649668574e-01,9.875304350753593141e-01
6.749165169553560384e-01,9.947006338714622364e-01
7.510737771379980554e-01,1.066663138700896241e-02
6.893551724185212892e-01,2.980927230127972116e-02
6.766525459186512048e-01,1.162090837007623279e-02
6.799486699789909494e-01,1.891614902055316350e-02
7.480403992199965435e-01,1.790722374070008449e-02
7.052526506036825849e-01,3.740527491827938533e-02
6.865433174913418979e-01,9.712017082999578887e-01
7.501912350886497105e-01,9.853029668813829689e-01
6.898670312171302221e-01,3.021055826316709769e-02
7.482904276705401037e-01,9.810998796057680549e-01
7.133274977463633926e-01,3.833012413937986196e-02
7.123654043510728728e-01,9.602301853079143745e-01
7.057634989232658418e-01,5.728132832365577798e-01
6.975139980590828737e-01,6.451050040759875870e-01
7.264043205704614481e-01,6.037712269452151226e-01
7.232371449731584967e-01,6.231307868471147593e-01
6.795292574655853457e-01,5.691069403279643835e-01
6.729195614725778096e-01,5.711093548814480947e-01
6.597967080651752081e-01,6.348797483244033035e-01
7.261104317604994973e-01,6.133095082708569512e-01
7.220783046110177406e-01,6.255292970003863973e-01
7.236703244053904749e-01,6.221113275903609185e-01
7.144312083711463757e-01,6.356465431317883663e-01
7.213751017607439309e-01,6.268078025196672787e-01
7.232213530523604605e-01,5.915262575964058689e-01
6.628797136245040411e-01,5.770241649414941110e-01
3.960049679174670878e-01,3.991998367380055202e-01
3.487224144138657000e-01,3.765952862975722737e-01
4.145609971451243991e-01,3.871316909547290464e-01
3.461805661479314677e-01,3.672274830203410279e-01
3.513591652510778540e-01,3.818525951224449044e-01
4.212059360405812636e-01,3.760707689452817415e-01
4.198681893717135516e-01,3.790881101037833489e-01
4.237224106777197075e-01,3.656974867160890375e-01
3.469035133866860132e-01,3.525266062552380730e-01
3.792733723178233207e-01,3.231002238674214877e-01
3.954550907781658742e-01,3.993591697259035178e-01
3.466605776000418748e-01,3.535894399191968906e-01
3.586705443117615966e-01,3.327775983146308847e-01
3.572808686436163006e-01,3.894261385732504244e-01
3.516057740066871884e-01,3.822581762537926031e-01
4.235635584783534746e-01,3.670353524165034798e-01
3.999076777150312179e-01,3.978086532946787379e-01
3.738119488804420021e-01,3.242933966227206644e-01
3.909313228099525195e-01,3.231737549363337125e-01
9.899253988560945405e-01,4.292189958956474927e-01
2.097794877649926393e-02,5.006703022818244087e-01
9.959211765974641528e-01,4.266756958275934597e-01
9.695573665607564173e-01,4.699862815928380622e-01
9.715176607587837632e-01,4.774155072946058564e-01
4.352113205562539722e-02,4.472624060370418708e-01
3.855065682512101577e-02,4.882803089411598130e-01
9.889392300066905950e-01,4.297564828988421071e-01
7.022658778085444364e-03,5.028301431245024711e-01
9.785345821285702517e-01,4.892848167359143963e-01
9.947203897613029477e-01,5.004740055540942700e-01
3.356640964668949900e-02,4.934239049377145969e-01
2.026708845891122754e-02,5.009103790712501336e-01
9.691899400128290987e-01,4.669458572260589135e-01
9.145113644048482593e-01,2.029645932524415941e-01
9.454732113681725281e-01,1.992107691549134252e-01
8.866454499789612198e-01,1.669661602088110541e-01
8.994334457820656326e-01,1.944626764956880749e-01
9.642924354228046280e-01,1.714567047298901359e-01
9.150203766625002455e-01,1.279538161784258277e-01
8.873257625094297385e-01,1.729294911687156155e-01
9.143260721814034930e-01,1.281577574380013407e-01
9.109651964463558738e-01,1.293489636296951406e-01
9.405665892386151361e-01,1.294179373005328870e-01
9.061590371239867103e-01,1.993673739748891283e-01
9.646482885055983614e-01,1.627981670541545356e-01
9.209223019582806202e-01,2.043047544412659178e-01
9.532646119725668443e-01,1.931929904444960600e-01
5.445433025087793588e-01,9.583630579538464644e-01
5.216712189840607694e-01,3.304231165731774666e-02
5.154210990982639462e-01,3.069559091451612431e-02
5.656777369132445221e-01,9.752610589663921470e-01
5.674467651032372162e-01,1.232754561566973273e-02
5.678829652279485662e-01,9.794796375129242172e-01
5.431660596116915096e-01,3.293245171570147178e-02
5.089781127343449008e-01,2.682379139001778157e-02
5.687693827407765967e-01,9.235573236230365524e-03
5.254565489782794252e-01,3.390433402808001873e-02
5.622195282927229254e-01,2.045916283397120061e-02
5.054286575882709354e-01,9.670121591814614392e-01
3.404215390164015420e-01,7.377733989234989131e-01
3.505244709786437540e-01,8.074108634522770833e-01
3.084754934103031698e-01,8.084614971463446320e-01
3.152808988923087585e-01,8.117221332955081303e-01
3.119843728214513612e-01,7.397129112067744039e-01
3.667532311467228689e-01,7.837544397162541365e-01
3.336739212603164750e-01,8.137704417986241223e-01
3.550211098962047229e-01,7.461859739677555448e-01
3.640597160423122425e-01,7.915815938738544055e-01
2.939785434098540762e-01,7.570887757752462477e-01
3.561619848850955949e-01,8.027865823571791459e-01
2.908346186808981604e-01,7.847125495810807205e-01
3.634762770131936827e-01,7.572821610930869918e-01
3.438545389836530908e-01,8.110224379762681624e-01
5.598525420818152298e-01,9.627704776003080944e-01
5.195590078132372724e-01,9.541664043078493945e-03
5.570368087179309313e-01,9.627270651234708376e-01
5.189159803673759619e-01,9.985292601893244191e-01
5.581305426510246859e-01,4.084268821951415190e-02
5.197519124377703026e-01,9.931234691058363762e-01
5.231177786175401634e-01,9.838914104642262348e-01
5.834028662592314340e-01,9.722420194633329960e-01
5.586503538664279178e-01,9.627270941135697147e-01
5.903592637143342259e-01,9.801349158396073236e-01
5.793270655300520877e-01,9.691575035975761310e-01
5.190371842129231084e-01,9.973094569161394807e-01
5.882314743898203746e-01,9.772371602847249594e-01
5.711884824054856979e-01,3.849328622891146773e-02
5.726576261516364008e-01,9.656370612990020641e-01
5.915228998047520337e-01,9.819940003689457964e-01
5.188998423852477782e-01,4.833911417814859730e-03
5.960738974255579414e-01,9.937645034822308876e-01
8.473288438279502621e-01,2.610702669668774067e-01
8.392443361792177869e-01,3.000429440401514158e-01
8.805832773512908274e-01,3.261995653576895693e-01
8.471271027636946283e-01,2.612933250004931263e-01
9.138781634885128069e-01,2.976863355281610946e-01
9.032922713335078679e-01,3.155232006610026452e-01
8.540461451643653890e-01,3.195575296675472465e-01
8.744055663139146395e-01,3.264052350880944364e-01
9.117914332291493507e-01,3.034786039916613776e-01
8.615214152943887482e-01,3.235841230226276788e-01
8.502442258970163147e-01,2.581907279417191559e-01
8.772880413284185330e-01,2.483366059594183106e-01
8.656510450843403204e-01,3.249954164873757323e-01
8.391370988788692253e-01,2.750423694595925395e-01
8.927721671773017897e-01,2.520116038175265194e-01
8.462934471501120104e-01,3.125146216652122666e-01
8.871094957011517179e-01,3.248917045568187056e-01
9.940484975753658414e-01,2.403700909862525603e-01
1.042929605118573730e-02,3.103392094160792869e-01
9.836722013024461475e-01,2.517521326439355334e-01
5.293135030897243992e-02,2.561650143914879219e-01
3.836202787177918350e-02,3.046696739388334296e-01
5.583508839709564603e-02,2.663655182606591287e-01
4.663388695004026807e-02,2.462245666104288799e-01
2.750575367538727473e-02,3.095289950446852290e-01
1.499650592696035595e-02,3.108636218055276235e-01
2.624592524644918032e-02,2.338697623466479414e-01
4.920645374845084019e-02,2.495234049608479887e-01
3.226403948120200316e-02,3.078858595529103681e-01
9.781144036300961631e-01,2.729720207077644401e-01
2.481236113805737609e-02,2.335553047491118750e-01
5.586937680064036488e-02,2.666124691831287530e-01
9.925176372103373668e-01,2.415530834533601845e-01
5.516789255778903334e-01,7.311650284450721404e-02
4.916457552516306784e-01,2.515638394656138921e-02
4.990690756870777567e-01,8.922267165824440682e-02
4.937555649712915828e-01,2.344936548201859844e-02
4.801486457042360434e-01,6.685599412995540947e-02
5.221378997991195092e-01,9.340838890734476374e-02
5.289206957518526320e-01,9.193233179266532828e-02
5.463265413783418012e-01,8.074382507886651572e-02
4.956059192083476228e-01,8.716614792163338010e-02
5.473573586291324844e-01,7.954752638978004886e-02
4.796725190432118424e-01,4.400457759032654070e-02
4.965393201752803520e-01,2.153565034379904125e-02
5.538393728766677349e-01,6.834617022756243887e-02
4.965116482744659776e-01,8.775136001196799651e-02
5.476489917642631822e-01,3.011369654592480419e-02
4.821031019102899884e-01,3.761801689650223768e-02
5.544089369125908551e-01,6.671566619207505711e-02
5.563149277188181863e-01,5.413415385834011162e-02
4.830047235696441899e-01,3.587083787481586128e-02
5.389912804339214158e-01,8.710907099028532274e-02
7.577644345696386008e-01,7.765645260580918974e-01
7.834574304144573675e-01,8.014472472045283125e-01
7.238374054799950885e-01,8.458041936636505609e-01
7.850612526659280777e-01,8.198782741536593255e-01
7.565425534439264021e-01,8.516891595218680777e-01
7.181328894002219076e-01,7.870459829113948258e-01
7.075633510681178517e-01,8.102587939478680390e-01
7.075374323763397033e-01,8.105426436386553579e-01
7.074947748557829375e-01,8.110705411689698163e-01
7.596599153425157569e-01,8.507141334629736429e-01
7.181300501410560200e-01,7.870489713910728824e-01
3.707087452672778172e-01,9.682592990490599405e-01
4.150770739513804375e-01,2.458620412863769117e-03
3.637057004516247583e-01,4.391031836910583991e-02
3.896607892179385080e-01,4.361961762454452662e-02
4.055491742619547479e-01,3.278198327358079756e-02
4.137722019694332620e-01,1.785588051225042716e-02
3.403075599385662064e-01,9.916746363851642876e-01
3.404224317666567079e-01,9.914065169202569416e-01
3.373081756391036468e-01,9.717902562519439499e-03
4.032755197644174450e-01,3.514816586476565696e-02
3.838617165814624532e-01,9.686060063993467972e-01
3.941049296677218150e-01,9.721701599031876695e-01
3.952529398245909764e-01,9.727836528803591731e-01
3.788375506787570179e-01,9.679457430850056943e-01
3.578864651228763072e-01,9.724578593928330239e-01
5.369680365154392288e-01,1.148054517776453953e-01
5.162594618597529106e-01,4.877024268877027530e-02
5.211033578603710970e-01,1.244540182604219614e-01
5.255954164324968536e-01,5.170112777348648270e-02
5.229634893971382148e-01,5.060912269715971135e-02
4.714129634436360350e-01,9.664393041426713737e-02
5.441869306599842471e-01,1.048221115454228552e-01
5.310282227883099671e-01,5.473655489198220314e-02
4.847153147415342866e-01,1.175512768199390573e-01
5.324681551086027920e-01,1.186758632339653952e-01
5.477933663913090445e-01,8.045560408067262137e-02
4.844678063072717089e-01,1.173488753548477675e-01
4.702736506875862532e-01,8.607046878032736936e-02
4.717540813252376064e-01,9.792201274361643504e-02
4.742224229005698177e-01,1.043599237413755376e-01
5.232160638457287183e-01,1.237183515912859966e-01
5.022569212332969046e-01,7.336596876625920416e-01
5.210560223757326748e-01,7.695310998987832107e-01
4.746381542538204990e-01,7.287520144550363455e-01
5.040977035487966829e-01,7.348424998977564071e-01
5.104321529607459551e-01,7.939604528012363938e-01
4.816946007295174748e-01,8.061618888549262341e-01
5.202807770146112842e-01,7.589924099046543304e-01
4.518923476993329524e-01,7.919051787623323513e-01
4.621307114919632197e-01,7.335104620235957107e-01
4.967767602026209595e-01,8.032891080129376249e-01
4.510798228199542348e-01,7.433201192709989469e-01
4.524583649466522028e-01,7.925782126527036731e-01
5.026752445875020125e-01,8.002865539011635443e-01
5.206659639056138156e-01,7.731150557096078124e-01
5.198904904407148919e-01,7.573325176088997468e-01
4.990547551752694821e-01,7.319249299216208371e-01
4.455018926559882742e-01,7.808384665259990864e-01
5.151772491106551000e-01,6.738279260456416786e-01
5.610312579048953863e-01,7.277471111044846452e-01
5.024566158396339688e-01,7.430354092751036976e-01
5.230723686458695898e-01,7.504860596709003184e-01
5.214664510176905132e-01,7.503524246013842935e-01
5.629987678234891213e-01,7.224689389734537670e-01
4.870501216410231815e-01,7.183453420278337331e-01
5.426660297827867740e-01,7.465920720089390672e-01
5.361837115287020339e-01,6.739241845112222684e-01
4.942155412368989253e-01,7.348802499273651145e-01
5.269993193489935779e-01,6.724655469385247830e-01
4.897094407917079173e-01,6.958683036775044073e-01
5.291465135572878120e-01,6.726068902203817812e-01
5.583132082229835813e-01,6.902933869861102023e-01
5.623873297320396425e-01,6.986232513306581682e-01
4.940218047096384679e-01,7.346186885946253131e-01
5.270626610652804356e-01,7.505311254559661194e-01
5.456154666030634814e-01,3.315280971431011636e-02
5.608651561861434098e-01,2.815582831535667907e-02
5.512866181660172060e-01,9.565515254309062687e-01
5.344672791701331471e-01,3.277925551949634198e-02
5.803103878227201529e-01,9.917010495831468653e-01
5.029468905714506999e-01,1.546501563261415413e-03
5.023100099596300439e-01,9.960105536911141311e-01
5.133054721931691322e-01,9.671195315379963464e-01
5.765802215903995664e-01,1.116982343259498300e-02
5.139519291337160123e-01,2.218190100085504213e-02
5.024275147468378888e-01,9.977891431435078617e-01
5.129913476218992407e-01,9.674469630966869849e-01
5.214711701190953841e-01,9.606911847612767952e-01
5.314355781687020164e-01,3.211242255041413252e-02
5.660840709352887856e-01,9.641025947044895572e-01
7.123525157503005079e-02,7.158972123707747492e-01
2.603510693995740935e-02,6.899188018004865919e-01
3.493229210241022287e-02,6.890772042763919636e-01
1.385001169253859132e-02,6.947509174403817545e-01
1.793803957790780779e-03,7.500342506766012329e-01
6.885939188731299287e-02,7.102343824169564668e-01
5.103197666935629928e-02,7.633520243682052620e-01
4.180302402389679539e-02,6.898285232809397982e-01
2.121356404330433654e-02,6.912692506446453944e-01
5.037918996645369962e-02,7.636577644980074853e-01
9.973679604580129032e-01,7.149469790992006857e-01
5.694542907859775210e-02,6.964187763942031317e-01
1.506309988059080160e-02,6.940431731243138502e-01
9.743824218325369824e-04,7.487725141600607426e-01
3.313297160650395534e-02,6.890820641722413820e-01
6.401825302656000138e-02,7.029710270795315186e-01
9.953928566461728300e-01,7.231633040650153887e-01
9.350104823990873504e-01,3.660599561023967219e-01
9.787259245218272730e-01,3.782947740956685290e-01
9.494411708934357153e-01,4.418382108459334434e-01
9.777237019821554131e-01,3.770996647703711568e-01
9.205659825158190035e-01,4.303007744236068688e-01
9.567044590851339070e-01,4.409400155105349106e-01
9.424428968815538044e-01,4.414133014276398481e-01
9.871887784678744504e-01,4.064707541673611146e-01
5.043498185515808696e-02,4.277642448081055981e-01
9.793535437239422325e-01,4.594776467793101893e-01
5.241308662226071974e-02,4.368684483067336588e-01
2.171262385198383799e-02,4.023562214024693495e-01
9.747112383646279188e-01,4.449561170663384746e-01
9.959352787168282983e-01,4.754292209064178154e-01
5.215191199650007908e-02,4.463651799038113599e-01
3.835690512296180410e-02,4.103974208099452903e-01
4.745769274514315128e-02,4.212009590852734409e-01
1.329380847491230637e-02,4.014890927535877951e-01
1.812259902839473413e-02,4.793418488691406076e-01
4.760959400640157185e-02,4.596320171127512011e-01
2.246307515821902023e-03,4.779498441267924780e-01
5.039402168862604225e-02,4.534552080739500668e-01
4.026912390301486955e-01,2.150423073882462566e-01
4.554232589638226303e-01,2.719343428920976136e-01
3.866627728902200523e-01,2.442789748560945939e-01
3.915022368519514573e-01,2.276810029591765927e-01
4.454751080596432433e-01,2.803029392200949710e-01
4.602540827555940961e-01,2.647728506462723175e-01
3.947415381301271897e-01,2.705243802711889134e-01
3.941473399498824359e-01,2.235512557892851693e-01
4.243700586351803472e-01,2.856844333513817724e-01
4.632178859049968511e-01,2.573579104681912866e-01
4.181641640152325978e-01,2.849808197094666484e-01
3.956516678413658505e-01,2.716581984828262408e-01
4.028553512746039234e-01,2.783623530844770988e-01
3.873265713346603634e-01,2.390990036956933129e-01
3.918652432239200789e-01,2.662445861628677246e-01
6.564331400753150580e-01,5.537078558139760798e-01
6.481350705882763519e-01,6.300097066437300164e-01
6.916740018368932041e-01,6.148473626434926009e-01
6.409461053979146339e-01,5.582902292774744035e-01
6.380682977179914506e-01,6.252835625153609911e-01
6.926071907686622842e-01,5.718627309712186468e-01
6.524694132457998785e-01,5.542286428701027612e-01
6.228197345262469486e-01,6.059887454949085539e-01
6.831017381581707681e-01,6.237984588185073731e-01
6.204707532441157136e-01,5.926910860883924936e-01
6.705426707816198872e-01,6.301260884050277067e-01
6.230836478096390962e-01,5.786005464864585335e-01
6.568762758670698698e-01,5.536751115248188526e-01
6.985381247647680647e-01,5.905265390075017384e-01
6.368272982862339671e-01,5.608616208785710544e-01
6.982096934924295617e-01,5.981252816000731665e-01
