8.695461271155813243e-01,4.050589062952646424e-01
8.274896060033133383e-01,4.225057520629030283e-01
8.445580889163438743e-01,4.226539266953054930e-01
8.099850748099428621e-01,4.132812400773430150e-01
8.381254039156257329e-01,4.234848607001026055e-01
8.477801978417026652e-01,3.471082877864056226e-01
8.212676940882782661e-01,4.204938820014541556e-01
8.738829968191782482e-01,3.953026997751066252e-01
8.375696270479446870e-01,3.454189084431212864e-01
7.973741756191278229e-01,3.869910790932165057e-01
8.534315302866529729e-01,4.195945844955471515e-01
7.973651540660005033e-01,3.868479342854778680e-01
8.075550335172539951e-01,3.580720747504313461e-01
8.022757302223832987e-01,4.035543755209154426e-01
8.749972397568913651e-01,3.787496347631096327e-01
8.105908243833926941e-01,3.551009897274341465e-01
8.323946307952202472e-01,4.233237569372709230e-01
8.096211721895898439e-01,4.129439914970285397e-01
8.054308480270785386e-01,4.083286205027222837e-01
6.076870271279491975e-01,9.645079539487559916e-01
6.171360847004191408e-01,9.567297643536480933e-01
6.738469747744630922e-01,3.175735479208796619e-03
6.263765322175055550e-01,9.527957036574093985e-01
6.609703067712888735e-01,2.119471795801342040e-02
6.684687649927942843e-01,1.345403404746403631e-02
6.057160476656504589e-01,1.388960313336773389e-02
6.335770734576546825e-01,2.932358577171756409e-02
6.427769698872992654e-01,2.902789446454412392e-02
9.370271046902858281e-01,4.734884582753572380e-01
8.849242485549821957e-01,4.375726500077070646e-01
9.281791145993127934e-01,4.496197461901772496e-01
8.590391004425012023e-01,4.712484071253054685e-01
8.776826076230973550e-01,4.410124400366320363e-01
8.746486547396592481e-01,4.430574873989868157e-01
8.621573575469222428e-01,4.588029112714844815e-01
9.280124718053054389e-01,4.993631242296017181e-01
9.049251939734670458e-01,4.359513041899262253e-01
9.368042879856143257e-01,4.786528052023868440e-01
8.611351242235345538e-01,4.873790182360964729e-01
9.105162833705894299e-01,4.373959935070087512e-01
9.370304106414536482e-01,4.751358561221814547e-01
9.356239807750551529e-01,4.639773260712011793e-01
9.342983516833699431e-01,4.600206086032816444e-01
9.367568150390950255e-01,4.790650796947686363e-01
8.674123389465073775e-01,4.987174960594385476e-01
8.970459724076159658e-01,4.353390787890438762e-01
9.266853942067512229e-01,5.008781380247002701e-01
9.301882463789898914e-01,4.522955733330624173e-01
3.782343503556680475e-01,8.139883196705622881e-01
4.390679515644751452e-01,7.820602675326024933e-01
3.642904114298356477e-01,7.657434791214053904e-01
3.647958594485789519e-01,7.984671465503230259e-01
3.655309434166039706e-01,7.631954850471317497e-01
3.978011760322691659e-01,7.425574394439593551e-01
4.376560498864887072e-01,7.711385418375772405e-01
3.852200463467213565e-01,8.177123891849071846e-01
4.156937187841429626e-01,8.173326264763863813e-01
3.624235392339630324e-01,7.921987341651169912e-01
3.610253360524513511e-01,7.790721060484212535e-01
4.322171280625894951e-01,7.594555855486525564e-01
5.407970120627575428e-01,9.994780475281839216e-01
6.141025421483458091e-01,2.641558026671486648e-02
5.449195005220416332e-01,3.307197273458317710e-02
5.978531885959900150e-01,4.551069419195373500e-02
5.904864632597675023e-01,4.893267971751483897e-02
5.578801728013308425e-01,9.783865454272624440e-01
6.168640520574446562e-01,1.170777030552456674e-02
5.853239061837999246e-01,5.031836569161751010e-02
5.387498526370064766e-01,1.111169126300246696e-02
6.017016681339171225e-01,9.810884129786070496e-01
6.166459179330880946e-01,1.611858719198376588e-02
6.148028137158797479e-01,2.451115912071993169e-02
5.818587829343194739e-01,5.083814131304706385e-02
6.158497959824590362e-01,2.083474192634990341e-02
5.510941564493653244e-01,9.834817116206050480e-01
2.699917591205151512e-01,6.429387952331304668e-01
1.988721865907295272e-01,6.736019803141786166e-01
1.994983103291935733e-01,6.756099116113197800e-01
2.180107072691790382e-01,6.974110977951869517e-01
2.056574651770383955e-01,6.870000824367960002e-01
2.007047099625218489e-01,6.787044686522639703e-01
2.256304965481893410e-01,6.254513299548664085e-01
2.297569051591794032e-01,7.014642303410992819e-01
2.667413407965438243e-01,6.876620117720513292e-01
2.357220680570094040e-01,6.239262514946033455e-01
2.267065014427097069e-01,6.251573282871886184e-01
2.000355902302667910e-01,6.488783990668992585e-01
1.989087549349343176e-01,6.522328631401128618e-01
2.752995067315012201e-01,6.587835043470657848e-01
2.450056514962545839e-01,6.248647084513333505e-01
2.010978863697956698e-01,6.795699409338680219e-01
2.349309838719911836e-01,7.020141545563073349e-01
1.991183792472064340e-01,6.744376621266738869e-01
2.305947151985617005e-01,6.125667349636088055e-01
2.768102778287546140e-01,5.531352071456738795e-01
2.064525109851340079e-01,5.744744053531524175e-01
2.767028383305027983e-01,5.998995058519326351e-01
2.567850736807860690e-01,5.390590978123781518e-01
2.083100806065521227e-01,5.643884232535567591e-01
2.222102369201969518e-01,5.450594296432935693e-01
2.293528748862388722e-01,6.120301571554982445e-01
2.291160224308820270e-01,6.119219601089481708e-01
2.146699056887682033e-01,5.524137021913235746e-01
2.707047137358059019e-01,5.466319051905075277e-01
2.068556917720419386e-01,5.823768144614065445e-01
2.490697234639941693e-01,5.375496217229446261e-01
2.785689456375205486e-01,5.557084394035005648e-01
2.298444616157537257e-01,6.122486760075055434e-01
2.826290064284979198e-01,5.644149156283860824e-01
2.158414554532947505e-01,6.019073919173972831e-01
8.057673366157814820e-01,4.333844545777307267e-01
8.041857784802789455e-01,4.077379052813724369e-01
8.688820120409057601e-01,4.464370254977678698e-01
8.276325001602650167e-01,4.546949914807545401e-01
8.484212724039116305e-01,4.567871572907089006e-01
8.389823636229412074e-01,4.572516713648463460e-01
8.129374032079554890e-01,4.446168062673549470e-01
8.368445650788549628e-01,3.795431936391637229e-01
8.091954814721917799e-01,3.967710168637931800e-01
8.031045075359725116e-01,4.236625303396696629e-01
8.045126282576284815e-01,4.066356363010433239e-01
8.029816415642473393e-01,4.226877338242435167e-01
8.808043954604041215e-01,4.162378557154138292e-01
8.041865871522245746e-01,4.077350235839459769e-01
8.070376942195540693e-01,4.361161159997956061e-01
8.435614738037748861e-01,3.792680481602798137e-01
8.260733574018218617e-01,3.825319693469450000e-01
8.175797971199291192e-01,3.876400022766646747e-01
8.129715938700227129e-01,3.919270143244604210e-01
6.681108484740073961e-02,7.491858621589954081e-01
3.548234298234068107e-02,6.972749394009002399e-01
2.757631457421139132e-02,7.749424351724537585e-01
3.879933758479352235e-02,7.740301960397341086e-01
6.877087058483156989e-02,7.411599617634949677e-01
5.318506050576368022e-02,7.674378439698509302e-01
3.601801214640756865e-02,7.745635976737537121e-01
2.506009906063935005e-02,7.747004142812605743e-01
5.431353244289977011e-03,7.056355383714645324e-01
6.171175994205171933e-02,7.130719651337545928e-01
6.868265075511648110e-02,7.301384391514931238e-01
6.903363231458872762e-02,7.385352172274796123e-01
6.850278588854860629e-02,7.290494236567227615e-01
5.034230034847994584e-02,7.693406558697789555e-01
2.152577587435285100e-02,6.978390409522503557e-01
6.042835363827107897e-02,7.113943091723150536e-01
2.988429502583720213e-02,6.968966104027032316e-01
1.644453811474506227e-03,7.091510489923307237e-01
5.823992240547931631e-02,7.089114327161504248e-01
2.832272071981136591e-02,6.969347142587267729e-01
2.350799973007096644e-01,6.314475361440659018e-01
2.386334718810400046e-01,5.792098165374562901e-01
2.020319313293114927e-01,5.647466593276513347e-01
1.743991456817486074e-01,5.833249710366421592e-01
2.128339462381617087e-01,6.421147245567992989e-01
1.689383516617683212e-01,6.056837924536001561e-01
1.694260255733266718e-01,6.099329161774080799e-01
1.841270866471903245e-01,5.723898107741116625e-01
1.718637904480726508e-01,5.883616365536670223e-01
2.181919035135538865e-01,6.410520022800366702e-01
2.194860976920140205e-01,6.406755999530715506e-01
2.350228072724757644e-01,5.752193987448503965e-01
2.077117289368038966e-01,5.642991705952711268e-01
2.315097711414694226e-01,5.722169501964864402e-01
9.870429631516712821e-01,5.394300215194564041e-01
9.732888958189684914e-01,5.953294470954380024e-01
3.040797977730125973e-02,6.040338271004875859e-01
9.674259981402949515e-01,5.664372350147472979e-01
4.486669665157420883e-02,5.743273998861734286e-01
3.044382200591137094e-02,5.433739004476562107e-01
1.824440249477436021e-02,6.107197092195694177e-01
9.833826876439990539e-01,6.056724563061617328e-01
4.326153433434273138e-02,5.625889953481827410e-01
7.143181323313111709e-03,6.127290413872741315e-01
9.860584486810644034e-01,6.073906315124193434e-01
9.914116134339717723e-01,5.373770286051712253e-01
5.369046664018419790e-01,9.618218005647214408e-01
5.383081991355467277e-01,9.651421870026839489e-01
4.627298945610480718e-01,9.755178495470487876e-01
4.653863673741772677e-01,9.641913284921718175e-01
4.944672200034258558e-01,1.706835303905607226e-02
4.663028854039734661e-01,9.952706173079658436e-01
5.124083970816265543e-01,9.411186900062180616e-01
5.365889797168764686e-01,9.611769788992796659e-01
5.154610773588215178e-01,9.421296544692122632e-01
4.848879354581103751e-01,1.395101144922317182e-02
4.748960913984004995e-01,7.123278995210036157e-03
5.271560976930744769e-01,9.490762761522639757e-01
4.684288618065859389e-01,9.581499670503460520e-01
4.626339453070295593e-01,9.802509405659621811e-01
7.253824513263515961e-01,4.853774512954687342e-02
7.718460907996916864e-01,8.188989183234871017e-02
7.189043785597817315e-01,1.232236603895243143e-01
6.949274109340277672e-01,9.513358176419559054e-02
7.169909589727012644e-01,1.224182264924219277e-01
7.629656435834635264e-01,1.120054686150241258e-01
7.023975860252675840e-01,1.109845840321509597e-01
7.538080974780121402e-01,1.199509514256343334e-01
7.321961904081976114e-01,4.777871453942277025e-02
7.713003484582217073e-01,9.497996591791890708e-02
7.056980806491431890e-01,1.146725108622212996e-01
9.780885499245465242e-01,3.121474365027627207e-01
3.039137017720294764e-03,3.577924562447191148e-01
9.904048886979310851e-01,3.786136263320717954e-01
1.192760825582395157e-03,3.636219835226993102e-01
9.259500179522002217e-01,3.476500297347556723e-01
9.691760899599749512e-01,3.101110215146330451e-01
9.986716160589680369e-01,3.687347798732399928e-01
3.315383569320040635e-03,3.413912421447938828e-01
9.267270085864769413e-01,3.568068934369202916e-01
9.365966868500719134e-01,3.757748958299936826e-01
9.347288964573973180e-01,3.736486449169257873e-01
9.915836042291971131e-01,3.775617541887505424e-01
1.855210565386178345e-03,3.618677829880246888e-01
9.335405362966870957e-01,3.257807668234352638e-01
9.655046528046117293e-01,3.098895529225053624e-01
9.865342058482006182e-01,3.815334250553871209e-01
6.550551428376525376e-01,2.501689911213439421e-01
6.889025463894447032e-01,3.179771363507479798e-01
6.817242538753119918e-01,3.188787762470534082e-01
6.435922342679173402e-01,2.927283702356781592e-01
6.802330804252590957e-01,2.407747391011941240e-01
6.419237113241393899e-01,2.861899313676367629e-01
6.423022948242644858e-01,2.881675228366556429e-01
7.174246021165771037e-01,2.924835113929190600e-01
7.013675478627775517e-01,2.468364365171091257e-01
6.710231290893039491e-01,3.177404989551197989e-01
6.765533226948552414e-01,2.409705010068221298e-01
6.662104594883102582e-01,3.162048888432742455e-01
6.474051793814942224e-01,2.590313418646387755e-01
7.158154370733861294e-01,2.632142362746818787e-01
6.621610362789871473e-01,2.453285066060877651e-01
6.973007823262433735e-01,3.150852513629697760e-01
6.539563760154281091e-01,2.511465624842360023e-01
7.192373954855380003e-01,2.845971316574968935e-01
6.549823624367961949e-01,2.502314842637411441e-01
6.433069994420608229e-01,2.918815604120376106e-01
6.809111900357591729e-01,3.188965080856538958e-01
2.682874733171857207e-01,1.895337779231487940e-01
2.392726196175536391e-01,1.740790165497208830e-01
2.447259793906393921e-01,1.799365982173453671e-01
2.773535237858524849e-01,1.120849079145504468e-01
2.314532066580234360e-01,1.529756345916658822e-01
3.003766528260790603e-01,1.756228588244448385e-01
2.380054172525389866e-01,1.287605439506055716e-01
2.762052842575710154e-01,1.118960092721269228e-01
2.638034292225168165e-01,1.120358196481155699e-01
2.914460666870619665e-01,1.175975177721896997e-01
2.909539433733989711e-01,1.172887324507801282e-01
2.711718181116367643e-01,1.895862085906855343e-01
9.453887920682326751e-01,2.141061260255325838e-01
9.901235538450491314e-01,1.646422503001610249e-01
9.537897579963813266e-01,1.366813015187135216e-01
9.870048903308066279e-01,1.943499350358119937e-01
9.476938900439152436e-01,1.369830251497622942e-01
9.721659873176913269e-01,2.095753936200147327e-01
9.903727815718533778e-01,1.655220839990715620e-01
9.172699891171398612e-01,1.592070794829994196e-01
9.917294755456455002e-01,1.756743334258628886e-01
9.163522463600679568e-01,1.901192128612558818e-01
9.328726849069651772e-01,1.420518033834974325e-01
9.660659510087302726e-01,2.124202690782548975e-01
2.657817085826361669e-01,5.624512343644043622e-01
2.443938038556846826e-01,5.614643765196088987e-01
2.289287277853714886e-01,6.299672103636010378e-01
2.920356064308176069e-01,5.940273129084580050e-01
2.156906857505567765e-01,5.891317470088458519e-01
2.465206430688876571e-01,6.379445849032440163e-01
2.649493255080697662e-01,5.621822848385644722e-01
2.257703170246574131e-01,6.271415811887188774e-01
2.265555043034582217e-01,5.710665083865433811e-01
2.376007005914055059e-01,6.352289406810743833e-01
2.661730461933154435e-01,5.625848443765242290e-01
2.143318217172842932e-01,6.012095953057410291e-01
2.470687791339579997e-01,6.380379874529584772e-01
2.418081824617492603e-01,6.368013232806222224e-01
2.808818161244521772e-01,6.272016124674982818e-01
2.808971608217188942e-01,6.271863651840220433e-01
2.577168635416624554e-01,5.606664744722433813e-01
2.303915593516791815e-01,6.310839159970580425e-01
2.344522917282448882e-01,5.653011923068461675e-01
2.794290892098557078e-01,6.285723516245180775e-01
8.727187223745516143e-01,3.019481214526552604e-01
9.000693945875893887e-01,3.242684334731563145e-01
8.257176723851250566e-01,3.458091234507929546e-01
8.955270037517515380e-01,3.636560979930663629e-01
8.973312533380596312e-01,3.610557160617579031e-01
8.877129696261651937e-01,3.087917515564505555e-01
8.968253178085956456e-01,3.618314673011657212e-01
8.437983514266612639e-01,3.733180892453563660e-01
8.888438890505143686e-01,3.096677586827452089e-01
8.945379388797891629e-01,3.649108077468281586e-01
8.467002026105826529e-01,3.749480131969239460e-01
8.626733919814585372e-01,3.010801850851827499e-01
9.102212997569819608e-01,4.240612574036508597e-01
9.214070660439359628e-01,4.255432394795996554e-01
9.162391210585213441e-01,3.476996164647138676e-01
9.117767257287938687e-01,3.484997965772865247e-01
8.818321138001496973e-01,3.870243132737599123e-01
9.208663621670227784e-01,4.255466424843311057e-01
8.941393140507492010e-01,4.149487366862122384e-01
9.090656623870114750e-01,3.492545495759821206e-01
9.595064626638171168e-01,3.923761443901888080e-01
7.304602939051307864e-01,2.198159700056765697e-01
7.281278766990414431e-01,2.525136983968874205e-01
7.259380538890614076e-01,2.335537346192635977e-01
8.033997381396481563e-01,2.336633788613183271e-01
7.800718822723861079e-01,2.027933377012578753e-01
7.659037897853634425e-01,1.996449545343615406e-01
7.302317079673862343e-01,2.571391002873403275e-01
7.881592345719405923e-01,2.074828132216061383e-01
8.021341893862001804e-01,2.276562948685434962e-01
7.956129045075426287e-01,2.625184019927693790e-01
7.802300879483519136e-01,2.745137318679500282e-01
8.029402752465801818e-01,2.464742349179026015e-01
7.992206929524320325e-01,2.204790400434602782e-01
9.591151900406134079e-01,7.426182033703592200e-01
9.655115716782696200e-01,7.747904075777064525e-01
9.352560567104950540e-01,7.273244696945467824e-01
9.035052572525636982e-01,7.964095473185632823e-01
9.361646014832393226e-01,8.037163751634410769e-01
9.508993372432589242e-01,7.969270510574127941e-01
8.989914263698505215e-01,7.922780550144027378e-01
9.651701752604209261e-01,7.761032848993680844e-01
8.908410493469789415e-01,7.522397158118165894e-01
9.624090853858779937e-01,7.480073649438543359e-01
8.955716960773644209e-01,7.880635227627452721e-01
9.381225163989942439e-01,7.280154805443312949e-01
9.031834254608221979e-01,7.961555976543175372e-01
9.579237855093063470e-01,7.410658727076230301e-01
9.255317665058199195e-01,7.266068036980650735e-01
9.657778466421393926e-01,7.576270295887033157e-01
9.471327749440605626e-01,7.318232767656618343e-01
7.614234198516851571e-01,7.787335730261144562e-01
7.461167631451597337e-01,7.232824951473830755e-01
7.406657444153533776e-01,7.378703127182626442e-01
7.906356840890599313e-01,7.813409006686904412e-01
8.179365782690004583e-01,7.493688885254832233e-01
7.941650623366381945e-01,7.078728769479429861e-01
7.422834573248271450e-01,7.566036805310927260e-01
7.733040486959928961e-01,7.053674865574931507e-01
7.410144824048072731e-01,7.519786138965971478e-01
7.415792830519253309e-01,7.543156032181074222e-01
7.540175409266990370e-01,7.737960230156698538e-01
7.725251904198725539e-01,7.054954718474317765e-01
7.409396071020908359e-01,7.516121885243711720e-01
1.348977954655543599e-01,2.762667452003969570e-01
1.706139634454010290e-01,2.074821005911447747e-01
1.678807531174958678e-01,2.816883283860091569e-01
1.744467891711400931e-01,2.091309326915629652e-01
1.274146651059891999e-01,2.695098515144125351e-01
1.592709805824469860e-01,2.831413941975280402e-01
1.891436692742348713e-01,2.665014199569252229e-01
1.280902651506383161e-01,2.179967050847002596e-01
1.203818989376655435e-01,2.574232214885586179e-01
1.538761994337902728e-01,2.052104656932284277e-01
1.959195841261485160e-01,2.486281997505306596e-01
1.490759422335675710e-01,2.059122556522260949e-01
1.795814479091449034e-01,2.760943097337521523e-01
1.440305006338032656e-01,2.809439455847810296e-01
1.183543059457406177e-01,2.489770087960138378e-01
1.244105389261041111e-01,2.227787563878954880e-01
