9.195998072253873667e-01,8.566503293764694549e-01
9.183839732585039606e-01,8.547078552349691716e-01
8.671754681344359117e-01,2.497471562863995409e-02
7.926600368842167121e-01,8.038170943515463573e-01
8.340715261483223619e-01,8.015527583775108322e-01
8.285689713924353494e-01,8.010025048837484674e-01
9.145109384189860080e-01,8.490269109868098241e-01
9.359557807610860980e-01,9.033981918326027261e-01
8.137206025053843605e-01,3.488783519996174753e-02
7.904098099245726594e-01,8.043735005580565645e-01
8.688399160257695986e-01,8.114812882747947098e-01
8.923337318559484421e-01,8.259170591113481619e-01
8.787147933497732044e-01,1.907258063712746754e-02
7.114323385523890764e-01,8.729172974762041681e-01
7.143530118174328258e-01,9.692585668403167487e-01
9.368400517069456201e-01,9.162904209982812853e-01
9.350976930790069197e-01,9.380433941611240334e-01
8.788059637997730489e-01,8.166828511112064204e-01
8.087613632169353695e-01,8.011717658420427490e-01
7.030428682835381249e-01,9.063329355039625446e-01
9.321333246376473092e-01,8.849372104770427683e-01
8.396386826605646281e-01,3.332351539485101100e-02
8.248149505970733264e-01,3.492528864643995590e-02
9.365959050238005235e-01,9.101314506502442558e-01
7.103396394219175791e-01,8.756453467359974763e-01
8.213065082152689600e-01,8.006751203888637924e-01
8.980631168122850116e-01,4.950595623953724100e-03
7.767597759832418625e-01,2.690258801360512209e-02
9.365209229447890582e-01,9.266330660423941490e-01
7.594323514144308840e-01,1.837564755599951916e-02
7.318103194321777805e-01,8.402957822237060448e-01
9.330247359439505228e-01,9.475498214313620160e-01
7.042023199570254244e-01,8.978072837975762388e-01
7.026132429412634828e-01,9.235324253678749429e-01
8.306661751044036590e-01,8.011813078092420159e-01
8.817640245877248484e-01,8.184711868056863127e-01
8.737003875988434975e-01,2.183602057354105952e-02
7.180619344388442515e-01,9.762475403274728514e-01
7.843991934496328255e-01,2.960698010255180535e-02
7.963534810957377807e-01,3.269698697831424639e-02
7.284528010627011607e-01,9.914283998167423562e-01
7.047843848419345081e-01,9.409990248215652775e-01
8.383526868031837553e-01,8.021635681963095177e-01
8.709647949584133908e-01,8.124896672892976124e-01
8.143483356893524983e-01,8.007841685822741917e-01
8.889327548348571195e-01,8.233280625173042822e-01
9.000571581035236024e-01,3.113516084951806207e-03
7.054822382922217860e-01,9.442267741247747370e-01
7.131996933221100843e-01,9.668254376176697029e-01
9.367317654031498408e-01,9.125783979188554218e-01
8.156807433436809029e-01,3.497091424001208537e-02
9.268625984508291893e-01,8.705103681707642149e-01
7.261598965541634643e-01,8.472105238957150508e-01
9.122924568658014044e-01,8.460688987478953704e-01
9.218617355582477968e-01,8.605072431512540421e-01
7.940917764690699210e-01,3.221466155318220004e-02
7.148733204338953984e-01,9.703110298946941992e-01
9.203238114831714389e-01,9.778535943234262229e-01
8.456263832685588788e-01,3.212624468651870124e-02
4.359816255566971166e-01,8.383001055663279466e-01
4.750980411060933273e-01,6.351581795075300629e-01
5.150842762022417309e-01,8.642040194110827134e-01
5.919410989971872761e-01,6.637347503525223846e-01
3.993014143278759143e-01,7.076279108463626732e-01
4.084022926920383711e-01,8.061925736992273661e-01
6.209299412482248703e-01,7.104798722467053906e-01
6.264986419069656920e-01,7.557219464826567812e-01
5.803349710592142774e-01,8.405947031782705636e-01
5.592526907656267809e-01,6.409832106247828065e-01
5.319302336611647641e-01,8.621889796893753566e-01
6.174322488321547509e-01,7.012022250840057591e-01
5.426690251961014955e-01,6.347113572890614730e-01
4.308002529971464156e-01,6.604287571040833305e-01
5.638902813961645943e-01,8.510102121806414344e-01
4.123537983391784567e-01,8.124975354357858448e-01
5.492862144493673160e-01,8.574158453593331286e-01
4.208780825345485033e-01,6.706139886540485318e-01
3.927898761055284016e-01,7.380695793249548720e-01
6.254409037318499065e-01,7.650241444699632520e-01
6.241596675314315945e-01,7.223477287435117189e-01
4.741875367459599810e-01,8.588444817616788240e-01
5.068403647548099800e-01,8.642981243750803566e-01
5.286505904112410725e-01,8.627765815326247090e-01
6.268020797532951605e-01,7.487457055647287474e-01
6.180252349202879358e-01,7.026194168474828583e-01
5.277420895893512043e-01,6.313650562166055469e-01
5.229404313394676596e-01,6.307151061916370649e-01
6.245065621295672331e-01,7.702793828167610046e-01
4.499433310977427602e-01,8.479948307767033455e-01
3.978263786821666370e-01,7.120173838538255140e-01
4.398467271666539613e-01,8.412916355543262892e-01
6.128410294932915559e-01,6.916507463315786364e-01
6.255323023393981607e-01,7.644217549073143436e-01
6.056526434133303605e-01,8.143129426690248751e-01
4.596155511231713731e-01,8.531244422402549654e-01
4.881731683945800815e-01,8.623509583503607967e-01
5.531892023031133032e-01,6.383544040740322112e-01
4.926281241375199405e-01,8.630919834180752481e-01
3.927604018236836025e-01,7.558300360560883391e-01
5.253187718065014389e-01,6.310117654131064402e-01
6.115327876755550784e-01,6.892833685841972535e-01
4.810465061716165946e-01,8.607929653333320497e-01
4.304723836679581472e-01,8.335595209763809743e-01
6.232231556469769451e-01,7.759272214311304650e-01
4.111890026218033012e-01,8.107295755667750514e-01
4.199211144458199763e-01,6.717379705136639068e-01
5.983078692840619883e-01,6.705385511132766485e-01
5.597964611666912393e-01,6.412391095929180773e-01
3.960104360700571480e-01,7.184292595770510603e-01
5.433632977774069950e-01,6.349177346514194298e-01
6.268111022407659716e-01,7.464715591378008330e-01
3.928290481064527495e-01,7.567088702070452477e-01
3.924935980960720383e-01,7.507521456622707756e-01
3.983079823027084743e-01,7.105197758855748003e-01
4.428419660333552388e-01,6.508480059260285389e-01
5.596198000442659248e-01,6.411555989612578443e-01
4.986962861435875194e-01,8.638204667542732640e-01
4.059353871165060634e-01,8.017446825194020077e-01
6.201667790315336104e-01,7.860479986277632003e-01
6.036235335786109824e-01,8.171243340490541573e-01
6.227684546481015992e-01,7.776656650712715502e-01
4.720331195180560990e-01,6.361494883691171109e-01
6.251138015679216231e-01,7.272598312051120617e-01
4.499778536350809710e-01,6.462721996772931021e-01
9.270202891569501169e-02,6.154614895632666283e-01
1.034986993804239142e-01,3.887308133569349344e-01
1.161866459697155213e-01,6.201479703428336432e-01
1.684476199807717622e-01,3.937745716549038155e-01
1.840533373956784180e-01,4.009802100064760455e-01
1.023574980203124235e-01,6.179961489396131880e-01
1.139348438256472529e-02,5.210468269309773692e-01
2.245809531102559153e-01,5.687613956346733168e-01
1.499597996161512459e-01,6.184520461408672398e-01
2.015262484465036863e-01,5.941326295401518909e-01
2.125300946145941838e-01,4.231011258305947820e-01
9.694229886779200112e-02,6.166830681938397785e-01
2.398982209456593517e-01,4.711583472974558706e-01
1.553352843144293616e-01,3.897104659052663678e-01
1.039696522981772842e-02,4.947371377148870319e-01
1.003575447863307712e-01,3.894262625780977038e-01
2.444212767361896299e-01,5.011250627020258364e-01
1.435526860567826191e-01,6.195336178029886565e-01
7.694815451755812608e-02,3.976456663532159652e-01
1.139838413356142749e-01,6.199179098195463089e-01
2.431603304805489418e-01,5.207892579244078890e-01
4.705014658287898222e-02,4.180463886475065394e-01
2.286806726853839455e-01,5.621894131970057717e-01
1.645196472338773253e-01,3.923790264667386674e-01
2.241553188654964446e-01,5.693915588503790648e-01
1.591294033140346065e-01,6.162546781916840022e-01
4.747339247228958559e-02,4.176510184152466554e-01
1.810200089543586022e-01,6.076119408248616960e-01
1.182029480925106402e-02,5.236626458502373627e-01
2.043631517750979232e-01,5.917321551075380714e-01
9.426623329837184595e-02,3.910368886250260023e-01
9.886864962669292267e-02,6.171814685046094207e-01
4.550847826882092884e-02,5.874488755501026116e-01
1.065432805991523013e-02,5.151723011113659156e-01
1.156629645022148878e-02,4.848178249472367418e-01
8.443663945556886818e-02,3.944007578509393097e-01
1.040856641233606772e-01,3.886108509511008724e-01
1.419751204962504676e-01,3.872249492184445252e-01
2.157928135503051070e-01,5.802596733478335711e-01
1.687645128271242356e-01,6.130750985846705747e-01
2.385216648179980525e-01,4.666986746484566018e-01
2.261819520261345029e-01,4.406604687995370195e-01
2.646453315972037423e-02,4.437043091573199538e-01
2.009972598899365803e-01,5.945634670231244590e-01
5.819480809752873574e-02,4.088101413808491458e-01
7.771623588741670419e-02,3.972839722680439056e-01
1.015620994719323988e-02,4.989912268005333162e-01
2.005942149616278813e-01,5.948883111316962680e-01
1.065944174500052660e-01,6.188359858318741580e-01
1.942999146287770484e-01,5.996002919904390716e-01
1.214521535452067758e-02,5.254405505929951037e-01
2.870348691406274244e-02,4.400810346143577689e-01
2.409179649670640799e-01,5.320190616972370057e-01
2.882975640955139085e-02,4.398851903713204559e-01
5.085352631589157291e-02,5.923402983532880528e-01
1.123700932381826445e-01,6.197225915040940336e-01
2.395374146810193006e-01,4.699265994245598876e-01
6.820472253627840598e-02,4.022636591387947491e-01
5.482564960858887781e-02,5.956069617531191129e-01
1.598053096815851282e-01,6.160614577104830403e-01
6.841864058298301188e-02,4.021391608546284191e-01
7.621275503309091759e-01,2.640074241929125098e-01
5.828047409313684701e-01,1.163550953176686331e-01
6.774258422880707897e-01,3.184654853367209770e-01
7.789578098135714335e-01,1.887435705429006960e-01
5.458221100445795892e-01,2.126118430293315320e-01
6.272916709701525928e-01,3.139842586746985353e-01
7.633858058672691183e-01,1.425206897758181102e-01
5.572868465607835331e-01,1.507199138807629735e-01
5.745289329176397342e-01,1.248603843029293253e-01
7.125843940445830693e-01,9.625770675677763899e-02
6.071726951882523426e-01,9.894777018995555562e-02
5.594039779711392768e-01,1.466013777638811022e-01
6.731258368015021754e-01,3.189353546091547864e-01
5.461784628872301539e-01,2.160437995316821791e-01
7.702852453664073007e-01,1.561208486091503755e-01
6.764191079526580275e-01,8.586246280578400947e-02
5.607103320190872653e-01,1.442442988645586954e-01
6.915208388236516734e-01,3.157757935951299721e-01
6.762726478742507874e-01,3.186072747002876016e-01
7.425666533200577790e-01,1.166107436111680357e-01
6.791260050948147997e-01,3.182352215187511102e-01
7.631434101107770207e-01,1.421131874291573505e-01
7.786031856668168549e-01,1.859713938214708762e-01
6.083288742803152349e-01,9.833613306392781361e-02
7.789736316901219038e-01,1.888808856420177429e-01
6.634937155920326290e-01,3.194098743240583738e-01
6.192966260321077776e-01,3.111398505311974150e-01
6.854569560988889032e-01,8.729963406284438343e-02
6.310470119637887620e-01,8.935206672516082804e-02
5.479431706313568906e-01,1.777613050192201061e-01
5.454091569161173547e-01,2.055856928473760170e-01
6.197952372010075983e-01,3.113365403930997699e-01
5.523677846290295790e-01,1.623122561097611327e-01
5.753850468791389394e-01,2.805552611985842049e-01
6.178236336585987143e-01,9.390907243407592420e-02
6.585139059353077862e-01,8.510815933594537142e-02
7.786807264445204657e-01,1.865349682555656752e-01
6.826206925393516478e-01,8.677049392982284781e-02
7.767654656630764709e-01,1.760080032097244840e-01
6.768682921569790789e-01,3.185354873699968170e-01
6.742915566054240584e-01,3.188238304640060861e-01
9.254955641920419307e-01,2.278624009059166677e-01
9.956322280605000019e-01,2.510515064564451948e-01
8.574244588019628299e-01,2.497717187110378156e-01
9.876816429899164529e-01,4.444743113672776635e-01
1.320570937281240198e-02,4.229424084342601198e-01
1.452753025023278965e-02,4.214307571821331311e-01
8.102264011631534757e-01,3.652943055927814764e-01
2.083931111526027280e-02,4.134039251041785601e-01
8.133032757142504288e-01,3.117230325008781833e-01
9.056331513296971281e-01,4.605147507192550171e-01
8.084890956459076516e-01,3.474503884993509484e-01
9.962870823706265755e-01,2.515425989403391460e-01
8.879123431048632220e-01,4.559940531221302606e-01
9.113940384453848020e-01,4.613666935706168815e-01
4.237011398743373292e-02,3.345715725600724166e-01
8.604362677098486012e-01,2.476854407183873841e-01
3.640055167356903709e-02,3.833599720602420269e-01
2.051763495118108516e-02,2.762499244004594789e-01
9.894174667550860169e-01,2.467295237239874039e-01
3.726027524258901380e-02,3.807779948200527009e-01
2.176453928733845800e-02,4.120967270450349718e-01
3.701624025849015176e-02,3.085680579275597024e-01
9.903041322937812252e-01,4.427893104228680654e-01
9.331712656926195448e-01,4.619958134069815925e-01
8.138719324539109845e-01,3.098627882106416154e-01
4.257718147510103357e-02,3.372131359421725039e-01
9.571380336707329128e-01,4.579282273340627984e-01
8.086950469288513021e-01,3.523969135420937926e-01
1.456762004578715519e-02,4.213840846296231235e-01
3.858696968913055692e-02,3.763324417267228106e-01
8.276885315208569738e-01,2.807375268005513069e-01
1.026668654696383243e-02,4.261254760241645068e-01
9.132145596436155310e-01,2.285241765088847909e-01
2.806679323184990693e-02,4.020069847524197493e-01
2.340852263459280991e-02,2.804233823458014419e-01
9.678257218974825049e-01,4.543854620025653546e-01
8.382529560556905013e-01,2.669836936590495591e-01
8.509016721906776937e-01,4.353011006865544763e-01
9.250046716136214320e-01,2.278640844042141012e-01
8.093954840094284009e-01,3.597919638082764382e-01
8.096099610321276785e-01,3.613946489453427890e-01
3.400402550355763331e-02,3.896900226940454015e-01
9.958213136656669517e-01,2.511925736982097423e-01
8.153986127340935308e-01,3.847625106121285166e-01
9.320394680613591776e-01,4.620630883413348045e-01
3.809434331557892683e-02,3.780593511144982877e-01
6.017074392307142361e-03,4.303396890169383093e-01
8.768237429496934521e-01,2.385194675296873346e-01
8.656646298530504824e-01,4.457196777126261056e-01
9.677018815575002542e-01,2.356664429399780714e-01
8.096358591578334263e-01,3.285221204796877625e-01
9.811907704950665332e-01,2.418589263611607421e-01
4.149874096554229119e-02,3.273737135348048222e-01
9.163919237212190261e-01,2.282287322365537663e-01
3.058542728910418340e-02,3.972215036671635224e-01
9.334563140480073296e-01,4.619771368102161269e-01
2.527577048253504266e-02,4.067589165185793720e-01
9.038603027745618634e-01,2.299062692111981665e-01
8.137086650428376755e-01,3.103857111954209103e-01
1.379947931360185620e-01,5.464881310216971322e-01
3.541786347463575235e-01,5.553623312115086863e-01
3.576717411588423712e-01,4.647976015306607978e-01
3.550391239068376725e-01,5.534697584962023909e-01
3.180726432777921664e-01,4.120343174416343790e-01
2.932106682837595235e-01,6.140025028158214715e-01
2.912316473877192280e-01,3.970191135352800216e-01
3.059903194124245496e-01,4.041187767410481246e-01
1.514584192842939603e-01,4.393917861731677088e-01
1.934175115401883804e-01,6.096491170561684214e-01
2.935793487954909131e-01,6.138473280648040209e-01
2.957995826882395263e-01,3.989482358012308438e-01
3.541199816670778100e-01,5.554881597057599318e-01
1.384414792946150052e-01,4.641508917204827944e-01
1.670951475405263453e-01,5.907553528686442235e-01
2.409278727547857490e-01,3.889368728891823279e-01
2.673708483623232213e-01,3.903503190560758673e-01
1.519584657605427824e-01,4.386723555572290545e-01
2.822344860292831936e-01,6.179701269522934748e-01
1.522959669523184789e-01,5.736362714533568274e-01
3.417753066312104182e-01,4.357236506060313541e-01
1.675628838736365478e-01,5.911985818708630491e-01
2.300894512412216819e-01,6.217355804624867810e-01
2.339854520186266940e-01,6.222690946464540795e-01
3.430977200949171246e-01,5.743021996609256608e-01
2.470964363269957109e-01,6.230992349856262491e-01
2.229499941595474710e-01,6.204079244182063579e-01
2.878480387886372394e-01,3.957339304308702399e-01
3.354305868158590220e-01,4.279575551176629244e-01
3.114290447944801921e-01,6.044100896656851019e-01
1.314783195442146835e-01,4.928418674552699219e-01
1.807795735675904458e-01,4.098775285111415090e-01
1.352237739488315604e-01,4.738330702746062495e-01
1.817225507414225449e-01,6.026044710447617803e-01
2.500803021398779746e-01,3.887468806053709924e-01
3.534732738922867767e-01,5.568504623723506963e-01
1.774484579480021806e-01,5.995344249238073742e-01
3.398997862256299962e-01,4.332836674316385417e-01
2.722099804406552526e-01,3.912691698870556234e-01
2.037523287489071411e-01,6.144543911299465977e-01
3.002503373933549380e-01,4.010531594578478076e-01
2.185590786037819866e-01,6.193607652173408473e-01
2.358910064768250381e-01,3.893477213346639987e-01
3.287004767646025671e-01,4.210045119181933249e-01
3.230699432433283835e-01,4.159838964407914230e-01
8.574279794465183846e-02,4.114610036645049984e-01
6.836371480214765983e-02,4.267000489058151436e-01
1.098187235398419698e-01,3.727478951007083818e-01
8.904208637227726264e-01,2.903091730083789401e-01
9.174042926532968156e-01,2.484350149781717476e-01
9.573809042526838509e-01,4.404956723058796597e-01
6.252279025798446188e-02,4.306200544482916559e-01
9.362422083287111341e-02,2.606955700908170082e-01
8.971654738071941360e-01,3.872850926940359928e-01
1.137659789092879820e-01,3.601830384138273167e-01
5.133035708150301968e-02,4.368282941879024772e-01
8.866674159116755272e-02,2.545809679046289187e-01
8.976832137110141163e-02,4.069288556182484307e-01
8.939055403466632521e-01,3.808061302655861291e-01
1.046499205826587481e-01,3.844699921386241503e-01
1.172207604010737231e-01,3.370280414005899505e-01
8.881200937759040070e-02,4.080489497010402200e-01
9.537115951948166304e-02,3.997315990645510242e-01
7.115472339141799829e-02,4.246397336166635172e-01
1.465511083814276597e-02,2.151101497773087456e-01
9.490220931540205296e-01,2.259618448284498871e-01
9.503155653774028044e-01,4.374534567885270397e-01
1.171453134794826073e-01,3.243741861435733287e-01
9.583380448232995397e-01,2.219313606381711212e-01
8.715234248463621380e-02,4.099273183813507693e-01
3.316788893155784429e-02,2.189534624460288403e-01
1.169996282330448001e-01,3.405315684888323702e-01
1.168070751413802233e-01,3.427285283410632655e-01
9.337695164040573648e-01,2.348375236811319766e-01
5.136943408094820501e-02,2.259882718021331838e-01
9.297451367513535070e-01,4.250655153186899682e-01
8.902008675361077206e-01,3.718959656724294405e-01
9.625753431606762778e-01,4.423927677812998782e-01
8.843596230906047850e-01,3.493209729891124105e-01
1.130422010933126442e-01,3.629019287323753673e-01
2.167970527489166202e-02,2.162025296629954407e-01
2.432940674566145753e-02,4.460685959879996387e-01
2.998391741844127698e-02,2.180676294089425316e-01
8.982102503671273164e-01,3.891691775742363024e-01
5.352083867612116713e-02,2.270606802202245200e-01
5.692872778233724895e-02,4.339228991056258700e-01
9.028164832667839867e-01,3.966328890718723299e-01
9.855250284734538013e-01,4.476677854466968864e-01
9.817366696239316903e-01,4.471276881260136671e-01
8.950644552337476689e-01,2.795717670507901209e-01
8.829859182539785412e-01,3.324678059606303027e-01
1.791257612604163496e-02,4.472351446399162600e-01
4.497411516972155826e-02,4.396825483633983178e-01
9.049628668118259167e-01,2.630702560825413094e-01
8.964238805368962559e-01,3.858960934542913224e-01
8.831502791556096188e-01,3.251030644627838639e-01
9.439802444772207313e-01,4.342374344782298223e-01
5.011088569912307555e-01,2.500866709493986262e-01
4.562912982307830712e-01,1.968078430051820038e-01
5.281870883422328244e-01,3.994137537543031302e-02
4.962160338226181966e-01,5.605693911343069546e-02
4.473162477096168654e-01,1.450467821267351631e-01
4.548517474218500833e-01,1.096150982189761647e-01
4.938241868536604184e-01,2.450201562035167202e-01
6.713616995789525310e-01,1.991363114344887331e-01
4.725080826299860592e-01,7.860414369425690329e-02
4.660480721933187853e-01,8.759214789793479117e-02
5.613805897069505946e-01,3.426549630788588985e-02
5.488778320163281155e-01,2.675800719810755846e-01
4.478435315808574346e-01,1.642098688142880347e-01
5.501953988328380785e-01,2.677477477957431740e-01
6.208558773023973298e-01,2.540696314178662041e-01
6.470955571455827560e-01,2.343788790501336872e-01
6.295357201253749535e-01,2.487872882890665993e-01
6.256833312390324142e-01,5.157225642271440202e-02
6.358322907703919391e-01,5.856969770824781152e-02
5.028127574218346219e-01,5.167383182400397956e-02
4.825800048775564233e-01,6.745301269163618552e-02
6.268584212686797441e-01,5.230393217339100731e-02
5.159442667029050522e-01,2.581476676180547436e-01
4.548629158452512922e-01,1.095858591424942463e-01
4.927437811191184847e-01,5.863522791140615698e-02
4.662806299840288604e-01,2.155962705529889112e-01
5.735401874244108189e-01,2.682409121385159745e-01
5.798628455376940716e-01,3.526226570237549207e-02
4.587468612592747186e-01,1.005729992529265371e-01
6.799208958584435081e-01,1.706974629429746093e-01
5.030518132273550380e-01,5.152678450306097391e-02
4.934891652191631950e-01,2.447668627761063753e-01
4.931037657225580406e-01,5.835858535408013081e-02
6.668218789115728518e-01,9.459653373872647930e-02
4.471827687521585659e-01,1.544670011969261625e-01
4.512335572538111461e-01,1.821075906714696990e-01
4.689655935415175669e-01,8.330979057080932504e-02
6.082487155591160821e-01,4.276916677633461894e-02
6.810038366650887909e-01,1.404498958392544905e-01
5.714866979361442612e-01,2.683846584458345896e-01
4.473628516701747548e-01,1.585900962861207797e-01
4.476068795352025065e-01,1.409996786449943251e-01
5.030412972440830854e-01,2.512984854514541677e-01
4.917013506964598157e-01,5.944896053594850294e-02
4.538464469617360941e-01,1.904821504347104510e-01
5.268105973281532739e-01,4.039710609672288177e-02
5.177257851585580495e-01,2.589375184444451250e-01
5.847976568743624703e-01,2.668022005022990806e-01
5.842695765722005774e-01,3.593709649706638976e-02
6.382789394708523467e-01,2.423254018239481278e-01
6.277050525222790389e-01,2.499885830069649428e-01
6.459331893599289387e-01,2.355224483792168477e-01
4.855489769984908666e-01,2.381705451294797438e-01
7.759887308399215922e-01,3.655271955068237766e-01
7.783257751544268022e-01,3.687531003851322042e-01
8.397033482129393489e-01,1.857617718250870742e-01
9.892311026532685236e-01,2.980773309862388420e-01
9.472841806466020254e-01,2.085549363942030832e-01
7.646735948361887969e-01,2.514462364725755794e-01
8.195803604084893612e-01,4.031860582534255721e-01
7.918972482523454204e-01,3.838933479861265652e-01
9.031079171313183274e-01,4.113936451552756557e-01
9.490875819896165133e-01,3.867000828425936065e-01
9.452040028919077574e-01,3.899435461394816782e-01
9.320934244769050192e-01,3.990312161000938440e-01
7.582828818167910434e-01,2.702681028833059940e-01
9.639218954436312714e-01,3.711401150641829849e-01
7.709029086409722176e-01,3.575876774279405090e-01
7.699189030487112451e-01,2.409233925533800502e-01
9.860992778991587437e-01,3.253113804060251413e-01
8.439577412372928356e-01,1.846263014969994898e-01
8.187543541377324541e-01,1.940282024048376464e-01
8.403283630280133920e-01,1.855841889228787289e-01
8.154236853641826377e-01,4.009997002629705487e-01
7.930617589925426092e-01,2.118263218039167506e-01
9.271672216495597807e-01,4.018117771470200439e-01
9.694093411250847003e-01,3.636126388755488437e-01
7.555759977979675801e-01,3.113638324781792810e-01
9.478051642894166351e-01,2.089938213326523742e-01
8.362240850606630360e-01,1.868194549724835340e-01
8.578461236168916093e-01,4.147225516488456387e-01
7.761955298254858970e-01,3.658221395063824821e-01
7.828152472453978605e-01,3.743662786194745795e-01
9.079175336237730320e-01,4.099599642852742587e-01
9.293030568328309871e-01,1.961519630554364735e-01
9.204019952273505556e-01,1.916536679742958105e-01
7.770125819997842909e-01,3.669689427907181778e-01
7.555557866996595040e-01,3.111809728899689875e-01
8.453044545596770654e-01,4.124943420977889019e-01
7.900826157389276849e-01,3.821553077594841419e-01
8.874062075635787972e-01,4.145745294466309794e-01
9.886715043048771578e-01,2.869551786701340923e-01
9.318811105362535541e-01,1.976390152799693545e-01
8.977762607560773045e-01,4.127257477374358663e-01
8.440809905140439495e-01,1.845959463997211558e-01
8.139147060983897841e-01,4.001523781097199861e-01
7.742565376069249217e-01,2.338187921007638670e-01
9.701335181286815379e-01,3.625182354381125127e-01
9.615741027684997499e-01,3.740109965902989608e-01
8.560179134015923896e-01,1.823118188885658464e-01
9.010717607174641985e-01,4.119337742823326320e-01
9.561571875157940381e-01,2.168024216521958203e-01
7.638930548632153483e-01,2.532732159548549689e-01
8.545174309170867621e-01,1.825288657123583236e-01
9.751347048345956336e-01,3.541228594283114539e-01
7.763943443932664890e-01,2.306927304802579848e-01
8.207360599011305213e-01,1.930398686374600881e-01
9.825868586701894669e-01,2.594984910534995914e-01
8.926276681190981055e-01,1.830326974060857426e-01
9.644823565565048273e-01,2.263700638451197622e-01
7.908655807014746131e-01,2.138822311258973263e-01
7.553283971174474809e-01,2.878926759584609085e-01
9.581138592915605656e-01,3.779275291718349195e-01
8.275956481075893434e-01,1.899674542492604812e-01
8.380310999442981412e-01,4.105412092283534098e-01
8.470422297355661989e-01,1.839089236154207441e-01
9.839228089014517842e-01,3.332702429206573225e-01
7.982810243595246380e-01,2.073382891183730425e-01
9.781535744388092368e-01,2.486622329402973508e-01
7.571742672349169867e-01,2.752068253414651222e-01
8.132141975015466651e-01,1.970476337132677225e-01
7.741104249746609822e-01,2.340405847165595021e-01
6.447028802441165385e-02,4.374246053015147240e-01
1.887125576997387699e-01,5.154521597558971990e-01
7.257611462337967834e-02,3.424589854511403408e-01
2.530374337468321300e-01,4.866455485222296873e-01
2.491794547025199258e-01,4.899273955642279854e-01
2.530084013812637922e-01,4.866713386689122123e-01
2.866078068282882363e-01,3.627123840715941183e-01
1.566064721053149200e-01,2.833430815083767262e-01
1.149771589436520969e-01,2.985149105506425538e-01
2.829907475225362234e-01,4.450150964114195085e-01
6.487573944071067800e-02,3.595186835517369950e-01
1.130877905520326493e-01,4.984226510087806927e-01
2.821688956121888303e-01,3.511972011962985474e-01
2.795527970802499929e-01,3.457322064026602249e-01
2.910529821963146468e-01,4.166519096091222396e-01
2.488659817485490144e-01,3.079119973055504667e-01
2.575558095349233523e-01,4.824115756583156611e-01
7.629330163079749150e-02,3.361876470360580793e-01
2.829820203965228154e-01,3.530581323731300514e-01
1.395509625486924810e-01,5.106818831805601810e-01
6.146457691189040340e-02,3.707943637933212577e-01
5.809255052814865650e-02,4.034993938393103274e-01
1.418855890415083032e-01,5.114005913336158171e-01
1.769419039357437995e-01,2.818723589840838595e-01
2.901310850202572511e-01,4.219096071533006698e-01
1.401617716486049381e-01,2.872186153922781093e-01
5.836058670716212649e-02,4.081313900481758905e-01
2.452952782878064508e-01,4.929559586592631160e-01
2.616095786669343504e-01,4.782017903381340362e-01
5.918720619022746487e-02,3.824636722673647182e-01
5.847721266822353270e-02,3.885698540475506224e-01
1.569222797299015815e-01,2.832927857943843830e-01
2.890848454224008157e-01,3.714404722740614617e-01
1.501762720772070181e-01,2.845612478928323807e-01
2.195329445754230502e-01,2.905706017835378852e-01
5.800821444575551822e-02,3.993039216757343635e-01
6.245918156689514444e-02,3.670554721262994646e-01
2.845686161960332972e-01,3.569705226613285598e-01
7.268837372311301448e-02,3.422558848830971612e-01
2.892062760414908507e-01,3.719463331032210607e-01
2.810976727715254753e-01,4.492227912071891649e-01
2.679415299069360379e-01,3.274153458148558182e-01
7.651518855266767338e-02,4.622538028493188289e-01
6.097818543735693264e-02,4.252638356203632952e-01
1.524137308685638847e-01,2.840950968419738154e-01
2.735742739272803981e-01,3.353717807550974372e-01
1.499830999783400565e-01,2.846036336591282190e-01
2.839868492214543960e-01,3.554884030696285890e-01
9.222114884792471934e-02,4.818005656868045716e-01
1.736648048269560929e-01,5.162243477718095885e-01
6.911462064173891362e-02,4.488441485675013221e-01
2.475649113264115353e-01,3.068754349698744610e-01
2.734915005322121617e-01,3.352440765900455699e-01
2.909988892839325825e-01,4.170042812836476376e-01
2.445853003758119981e-01,3.046119122029079529e-01
9.416689263506745899e-02,3.143870197067548666e-01
8.345320420619505297e-01,5.056451589569989080e-01
6.839425260530733741e-01,3.585233214397107737e-01
7.563037259216760511e-01,5.813513947111017544e-01
6.072766904223724227e-01,4.857701460984326647e-01
7.359425623433036856e-01,3.524251875255898225e-01
7.703201080570036829e-01,5.762403348451980989e-01
7.613845814604260909e-01,3.581148988071872763e-01
7.937918520456834770e-01,5.624981399805167870e-01
8.031476969212952843e-01,3.831979992361316811e-01
6.106546419232651290e-01,4.364283293360702864e-01
7.028918607860880075e-01,5.843291225285764945e-01
7.946807814475280729e-01,5.618213189836889221e-01
8.131260050737766365e-01,5.441203672873891062e-01
6.884998249126023095e-01,5.808405711567889984e-01
7.468365359774618017e-01,5.837116193167213307e-01
6.349882156524409016e-01,5.460158866162354574e-01
6.474383296268721999e-01,3.795586680336056618e-01
8.152528668256260325e-01,3.963432976084791948e-01
8.398764866584814692e-01,4.575018160223708330e-01
8.174991621932454766e-01,3.992852100481212307e-01
8.403716848536367801e-01,4.727553956960020565e-01
6.676007368227653282e-01,3.657899417251268548e-01
7.770055198606858893e-01,5.730522847538248588e-01
7.708475233533744753e-01,3.618384644339235900e-01
7.239389659516012321e-01,5.861084099427646965e-01
8.272842103890516441e-01,5.228594135586774883e-01
6.099962380134362760e-01,4.388031131949169383e-01
7.091995589327906302e-01,5.852654792009026608e-01
6.651264045193960861e-01,5.706820898497957373e-01
6.216259044458158911e-01,4.105612387736212177e-01
8.257690373538641992e-01,4.121592760101566721e-01
6.124528240104430976e-01,5.071013481515205257e-01
6.821523017666988320e-01,5.786687814885715930e-01
6.556611827472819121e-01,5.646574051780232084e-01
8.114141326575565749e-01,3.917255202236645806e-01
6.302821812014525182e-01,3.975753747306290387e-01
6.306586673237588592e-01,5.407584261972471218e-01
6.062811167572695892e-01,4.761287162579667664e-01
6.561716735538378753e-01,3.728301425931294655e-01
7.250225978026908491e-01,3.517489081714404442e-01
6.061234430176010157e-01,4.727976534371057249e-01
8.037266052143812178e-01,3.837412527372032756e-01
6.893510798220400249e-01,3.567445883563674092e-01
6.061022323922948818e-01,4.720922321641827235e-01
6.751267349819342067e-01,3.620708929623209227e-01
7.415702972820154004e-01,5.846690643070175941e-01
8.188740254070951963e-01,4.011855410693003776e-01
6.885116233415190523e-01,5.808442335312054006e-01
8.151320338679316491e-01,3.961903847126003186e-01
8.107699470762160798e-01,3.909959306554639524e-01
7.446199889290500140e-01,5.841449129253049044e-01
8.401476800471426865e-01,4.771150521442218961e-01
7.108107024165888355e-01,5.854487101660734716e-01
7.655681042651905077e-01,5.782016029368174381e-01
8.374920735037630903e-01,4.950178449454762930e-01
7.607317414882225348e-01,3.578923521718594958e-01
6.330363803409766454e-01,5.437225388140762838e-01
8.228684858453554352e-01,5.306355420788322341e-01
8.016760023742547370e-01,3.818495297450521520e-01
3.124695134257992613e-01,6.673181389419210463e-01
2.577734691940261613e-01,4.420404318953395917e-01
1.523451811711424853e-01,5.422165809890723276e-01
2.288945556207951371e-01,6.690906008169401620e-01
2.609392238443944967e-01,6.757009678156821186e-01
1.665344636545332546e-01,6.167515413713506867e-01
1.939001153041339243e-01,4.682581938339868133e-01
2.286563307564037917e-01,4.484923042304935215e-01
3.774365991972903345e-01,6.015897699741886706e-01
3.754450957948779477e-01,5.111478544943348634e-01
3.599228940479092254e-01,4.856099761513943958e-01
2.083301940252632600e-01,4.581045324996251833e-01
1.529599849694154301e-01,5.383627612831092257e-01
2.952665591229304831e-01,6.728056397980017866e-01
1.788597088634153731e-01,4.831016029421854596e-01
3.027611891571036495e-01,4.467240817965531519e-01
1.768112501061049058e-01,4.855940078704741314e-01
1.728847886831611780e-01,4.907982679798568726e-01
3.235793778622781391e-01,4.553862012474793608e-01
2.848357495014534613e-01,4.427250744421182826e-01
1.517893551649016348e-01,5.707500908719795873e-01
2.416831504344253145e-01,6.728592597139896325e-01
3.772444963367899695e-01,5.154217196834800507e-01
2.940485439283128111e-01,4.444112891973171497e-01
1.725910880365368327e-01,4.912128407447172163e-01
1.846870937313302707e-01,6.407952696539219728e-01
3.499204337058621772e-01,6.428969003469253707e-01
1.513473997497441492e-01,5.523612722892446980e-01
2.342721293669794425e-01,4.466287686488191744e-01
3.410704743640006753e-01,6.506519027761984431e-01
1.514362522891988250e-01,5.665963312516569816e-01
1.664954465090280333e-01,5.008144169207678909e-01
3.423631924242770963e-01,6.496142108245281932e-01
1.726958634524733693e-01,6.264329009929578973e-01
1.703444517948197456e-01,6.229805231522611564e-01
1.926427671255281915e-01,4.693076297556503240e-01
1.680969725179773944e-01,6.194125027877916967e-01
2.904247473871577889e-01,6.738403532933406881e-01
1.693987484987485304e-01,6.215136916184684779e-01
3.766197104094106685e-01,5.138834017345619287e-01
1.532388512383380808e-01,5.368427316829815776e-01
2.316406213035074324e-01,4.474628270561202825e-01
1.515790875132761728e-01,5.684937904587725743e-01
1.812085218820455035e-01,6.370903226674574649e-01
1.552976604306867126e-01,5.895652704901618302e-01
5.447969271547535852e-01,8.658946150054475099e-01
3.991323059939020923e-01,9.641527427718239451e-01
4.492441980731996520e-01,7.609093384712495300e-02
6.056830173312295340e-01,5.395069390052698033e-02
5.999241380527340350e-01,6.041971546892099809e-02
6.182322860691926714e-01,9.232383166275712760e-01
6.324378428168344612e-01,9.837555489278687615e-01
6.112511437960941318e-01,9.119913057775739240e-01
5.899514268045236154e-01,6.967956222445903514e-02
6.283625317070138383e-01,9.483737247585730668e-01
6.259156789572583035e-01,1.810834017333129431e-02
6.292504014134472357e-01,6.814432945827286758e-03
6.244263222265100666e-01,2.211826226895396985e-02
4.768815393317141771e-01,8.686189319821513433e-01
6.322833032710986068e-01,9.718439329213883759e-01
5.772110418629294859e-01,8.797982233238623717e-01
4.991961899986195328e-01,9.538898511133320213e-02
6.196606248075026135e-01,9.259424929698423234e-01
4.334308001884805139e-01,8.955044661953801555e-01
4.743259647607661056e-01,8.695399763350086797e-01
6.312017427808905845e-01,9.968584566281201154e-01
4.728587712630516471e-01,8.700992870649292277e-01
6.324913740425092135e-01,9.766438105905138611e-01
6.325038091762946735e-01,9.772594968802081894e-01
6.153305682715647373e-01,4.042182333859534182e-02
6.320299762547151312e-01,9.685918635266097532e-01
6.223944400172611857e-01,2.697361899528405438e-02
6.030916864622961615e-01,5.698118627813020254e-02
6.201761749895986497e-01,9.269624063713275408e-01
6.115475184636283146e-01,4.622051900305201855e-02
4.111846326528398876e-01,9.255989552314136670e-01
5.260233390382870189e-01,9.601702105468468140e-02
4.331965026236260230e-01,8.957340664980717460e-01
3.982144976196757558e-01,9.832980726273594652e-01
4.229747310278072492e-01,9.071889465498199634e-01
5.695299655327469290e-01,8.754154235596198763e-01
4.618220718224317345e-01,8.357415729288097950e-02
5.879497733142040605e-01,8.873402176961984189e-01
4.025060439201109119e-01,1.098305449892045260e-02
4.261927126365041008e-01,9.032478471793654595e-01
4.031627060576911115e-01,9.454001303518018151e-01
4.046366468846990250e-01,9.408612965851568255e-01
5.567182898660524293e-01,8.895507273762115474e-02
5.786752903642853330e-01,8.807236980454873354e-01
4.167512982669464572e-01,4.267639920936860953e-02
5.412739236417072330e-01,8.650374421066927555e-01
6.152268572610797293e-01,4.059122324712105545e-02
5.414160022604457279e-01,9.356625847534161267e-02
5.151391701243802634e-01,8.621306839276106082e-01
4.012163213515579918e-01,5.963403876206418985e-03
4.071479093174496522e-01,9.342780900474949579e-01
3.985974641701595100e-01,9.690515639032528661e-01
5.147245888254257107e-01,8.621321079264079312e-01
6.264234825441524768e-01,1.662919689229802600e-02
5.239485355857841364e-01,9.618849091634706916e-02
4.190326480301955758e-01,4.609290073624916495e-02
4.746659135231154347e-01,8.694135849999299337e-01
3.928468679619706583e-01,6.802214702168316585e-01
6.214446880265849238e-01,6.792760849885004504e-01
5.795763191861869057e-01,7.459339450399159466e-01
4.375634401911641103e-01,5.595226658991576674e-01
4.624201861593181806e-01,5.455337792663765839e-01
3.934132747092171645e-01,6.252217401519130080e-01
6.079324379110883081e-01,5.942843156821326911e-01
4.464108867203215869e-01,7.541800684061010784e-01
4.184523770671406684e-01,5.771786704016004244e-01
4.989678888989228511e-01,5.369854415208744625e-01
5.003931724867032305e-01,7.708935887321891611e-01
3.912341543576193237e-01,6.359452721229477135e-01
3.972679220507401299e-01,6.128672220357438416e-01
6.217891719406329898e-01,6.301191614910885974e-01
4.357812938678175541e-01,7.469283816661624886e-01
4.337794248996159618e-01,7.453603323840174433e-01
5.526178599965588800e-01,5.459342013983552455e-01
4.001393285824209056e-01,6.058800852382171254e-01
4.690213122994124628e-01,5.430453367967985612e-01
3.969666241208099078e-01,6.136825672313693802e-01
3.927938194380473647e-01,6.799903048616878776e-01
6.018718552825623735e-01,7.227395215701478692e-01
5.474449033096495665e-01,5.438934895942932890e-01
5.784740273349341377e-01,7.467920759134513142e-01
4.562233885615974982e-01,7.594915456827633360e-01
5.625092907081999938e-01,7.571222959853374235e-01
4.898621500603786982e-01,5.379728472102809356e-01
4.378634706838782642e-01,5.593025211573544597e-01
4.920223863428576094e-01,5.376732698154267354e-01
4.199464898252586176e-01,5.754865800424430189e-01
4.494577717996937616e-01,5.518293615947227337e-01
4.938299198307393167e-01,5.374539888603052651e-01
5.210458651593408153e-01,7.702420626941240966e-01
5.357376845831819390e-01,5.402756332036200426e-01
5.232690980134353520e-01,7.699528077271523552e-01
5.751689288791099752e-01,5.585468762405295662e-01
4.026145073871786328e-01,6.007113582930835305e-01
5.563476842732542060e-01,7.602034250296174633e-01
5.395870326422522734e-01,7.664714359659158260e-01
4.111571558465512144e-01,5.865180526062445665e-01
4.748077012892215065e-01,7.665626098789524168e-01
4.194812400308706724e-01,7.317828930808498722e-01
2.081236052792395375e-01,6.937357962622976437e-01
3.023238671076217132e-01,4.871562530909932520e-01
2.641227276611114450e-01,6.901060936799379153e-01
1.134533624973357996e-01,5.992708667883734908e-01
2.851845457726693844e-01,4.756690038038294266e-01
2.246497349686068790e-01,6.954955515433318691e-01
2.254097813338573619e-01,4.612407960041176591e-01
2.445798909457598536e-01,4.622649970917088735e-01
1.379901139104834362e-01,6.524954054627788436e-01
1.436029374789002944e-01,4.978784881605277657e-01
1.429179108657761543e-01,4.986093934257444515e-01
3.141178744548135393e-01,4.980834032721009885e-01
1.137778280939169967e-01,5.557718945646253905e-01
3.454673660489973042e-01,5.890191190753982786e-01
1.417701233850953701e-01,4.998626940194820234e-01
3.329689000282956002e-01,5.247686810752961728e-01
3.244910276186340758e-01,5.107843904772666477e-01
1.753260055900194847e-01,6.826746498299738342e-01
2.452173579789742319e-01,4.623536103414865317e-01
3.449566536158458208e-01,5.631445474881738855e-01
1.822314243766424702e-01,6.859332964247367714e-01
2.727735615726267770e-01,6.869899103605563440e-01
1.162034059378536099e-01,5.457755215712168928e-01
3.459273792338973808e-01,5.760132815334049194e-01
2.838624345657010939e-01,6.818068288186314163e-01
1.495490163227722880e-01,4.920209795283511101e-01
2.134852815125909686e-01,6.945675405519327050e-01
1.634140021817023225e-01,4.811058532980783675e-01
2.212385432843024802e-01,4.614346568308799745e-01
3.243825370426278165e-01,6.461295673507811976e-01
3.248712827536652803e-01,6.454344412685127930e-01
3.338108521634953196e-01,5.264377805390598741e-01
1.568483561453001829e-01,6.709063988454444516e-01
1.146927002585862998e-01,5.515344808732521864e-01
1.914478235795668004e-01,4.672928051333479771e-01
1.312480197609529331e-01,5.133911716296338801e-01
1.236706566541395658e-01,5.265310441173670641e-01
3.455531032443870942e-01,5.687280518576344202e-01
1.859539809932657106e-01,4.692921103951802619e-01
3.209903373601215582e-01,5.060810946378736519e-01
3.334597940030124552e-01,5.257337677222155836e-01
3.241511745247870335e-01,5.103056505869918436e-01
1.382005845091425766e-01,6.527524381478178039e-01
3.411067185419640602e-01,6.117265901619891588e-01
2.109831515041089567e-01,6.942110239384718939e-01
1.910059245168138076e-01,4.674422251137518858e-01
3.286339430542344342e-01,6.396898478314988479e-01
3.458387266693216944e-01,5.835153225980869163e-01
2.931484450339287284e-01,6.762962014252338339e-01
2.160243773821272362e-01,6.948732827540640145e-01
3.203118909888542643e-01,5.052239170738488383e-01
2.362715520484490184e-01,6.953270444063573974e-01
3.382247788993550386e-01,5.365329314663359606e-01
5.604089870688327979e-01,5.773028199851699682e-01
7.427944563151210877e-01,4.429858306220272324e-01
5.528771845325531897e-01,5.224588062489892160e-01
5.968414697415466152e-01,4.424095376826460146e-01
6.129042980127649143e-01,4.317487844725327317e-01
7.398601814940318766e-01,4.407069609630008822e-01
5.593897887496999122e-01,5.746168665381801155e-01
6.277826069992831215e-01,6.439154431437421611e-01
6.345112358921249918e-01,4.225320103033962660e-01
6.951973314421244776e-01,6.487134431029131232e-01
7.833602980756929623e-01,5.068434920599991234e-01
6.259926940100577486e-01,4.255585842921826845e-01
6.367912059595678409e-01,4.218450759344257728e-01
7.332991759392541997e-01,6.326578524582285867e-01
6.145327789178618438e-01,4.308682290656214997e-01
5.665472516321106156e-01,4.783281493088401559e-01
6.797466510360917757e-01,6.511228630707410758e-01
6.860142135957688625e-01,6.503998540139590556e-01
7.850218288322615701e-01,5.149604631794844067e-01
6.010194974580609362e-01,6.295162266362799297e-01
5.806213960275719010e-01,6.108167107832740417e-01
5.601762235888454455e-01,4.920695549617742359e-01
6.121405810905358180e-01,4.321732921845771180e-01
6.213068965727615023e-01,6.412271169042870200e-01
6.493013986489782896e-01,4.189467237142220357e-01
7.642694921535652108e-01,4.655164707831797033e-01
5.736149627827806796e-01,6.018226350892627030e-01
5.840424298106908774e-01,4.541543835691897457e-01
7.122747904835785571e-01,6.434726961641129561e-01
7.852961132153188917e-01,5.521070170239921193e-01
7.864307435552622128e-01,5.414451260836461444e-01
5.741363169166927571e-01,4.662185607230912576e-01
7.267528245317343982e-01,4.321629519166956257e-01
6.131461559688440310e-01,4.316158978945781599e-01
6.768784506513905175e-01,6.513402699355433922e-01
5.531170878612208242e-01,5.203102498155476319e-01
7.573410199531525056e-01,4.568695578864921392e-01
5.545723787757285139e-01,5.112649042743121486e-01
5.857325480412169938e-01,4.523923034173660818e-01
5.751337299515870694e-01,6.039311080651125208e-01
7.549415200064194531e-01,6.145449396971683909e-01
7.476628343141061839e-01,4.471149991072924657e-01
6.160651407551980263e-01,6.387065008827974566e-01
7.384224386695544817e-01,6.291326255352354124e-01
7.632173866962594921e-01,6.046852886310418729e-01
5.715154876169163956e-01,4.700407279314459674e-01
6.819270358929863107e-01,6.509100951604127605e-01
7.661115829164409918e-01,4.681265162463682517e-01
7.378776133471355303e-01,6.295268285459736379e-01
6.739385466874141528e-01,4.172863387629816012e-01
7.539707276696778759e-01,4.532082834793667581e-01
7.772516309783635835e-01,5.803554089960090145e-01
7.866230576991568579e-01,5.322033117797277946e-01
7.795475718343172211e-01,5.745470010063363775e-01
5.603246933613602598e-01,5.770880081499470959e-01
7.776644161468745375e-01,5.793751005621889938e-01
1.037858613881745135e-01,3.677728725198149418e-01
1.309371354485319161e-01,1.381043441487467549e-01
9.819522049168700750e-01,2.382372775393550024e-01
1.544684269603402438e-01,1.477611990460564462e-01
1.201160139538328120e-01,3.658776499748545574e-01
1.897942096024800573e-01,3.241470783876043704e-01
9.815688049307708107e-01,2.588278521914385011e-01
1.963799238058530627e-01,3.151064116789979996e-01
9.941145045560608740e-01,3.040152799384702731e-01
1.042065944185236320e-01,3.677530260453168998e-01
7.339631798088097625e-02,3.651784805465135286e-01
1.436738715490206708e-01,1.425858320922618327e-01
9.822145175800428563e-01,2.654206141172873457e-01
3.819733347678834490e-02,3.512024305800458546e-01
2.739159495497246744e-02,3.438730158120136826e-01
2.129641859716671359e-01,2.757062556293727318e-01
2.036933057785096923e-01,3.022995377862400246e-01
1.988975238596707995e-01,3.111055276372234335e-01
2.139165126676860207e-01,2.305550491797631607e-01
9.888634798215923949e-01,2.092530117656889455e-01
2.155704013660420526e-01,2.553383918767321847e-01
9.927172917543057862e-01,2.002248893232936033e-01
2.156617973249744802e-01,2.504858510810241690e-01
2.138335258571100739e-01,2.300852713758970991e-01
6.051831847582014867e-02,3.615761657338872892e-01
9.021850501865628924e-02,3.676021150571096019e-01
9.828746610459800914e-01,2.314811659548924039e-01
1.238300924778071022e-01,3.651173558489370086e-01
9.818344462736727785e-01,2.620198238442975058e-01
3.764467630358243194e-02,3.508688775656482184e-01
1.789964175638499577e-01,1.655639673233507692e-01
1.333774594143105618e-03,1.851574286072064646e-01
9.861041905940313157e-01,2.174518840110898077e-01
7.168537164155525110e-03,1.772474394808621900e-01
9.841546870181094864e-01,2.249397428882813910e-01
2.145036640928399407e-01,2.671418603325765306e-01
2.023028989509783604e-01,1.963682017745532749e-01
1.705341835512276527e-01,1.582919869988570205e-01
9.816275352915293517e-01,2.596330677299503731e-01
9.379782167902035728e-02,1.336116542496422754e-01
1.119397533629474251e-01,1.342944716185984766e-01
5.123046382771038326e-02,3.579480990048254929e-01
9.901286417650229099e-01,2.953609708800509215e-01
9.955704083384091518e-01,1.946374721553665588e-01
3.356585010067168751e-02,3.482751430328258069e-01
2.253321063572996663e-02,1.206984026360428952e-01
1.734589935734059951e-02,1.067685161813518024e-01
1.161914668029271347e-01,1.893451120180576486e-01
1.614382022103035830e-01,9.601579315802769576e-01
2.450843348859995663e-01,9.246734497737535419e-02
2.078397694237269500e-01,9.857316741236198387e-01
2.328519721844573565e-01,1.760964250770026551e-02
1.268190638947388760e-01,1.900761219241519362e-01
2.149544138415298011e-01,9.926889681527151232e-01
9.582615464337161659e-02,1.851537849309671802e-01
7.177651300479620522e-02,9.709571868872487466e-01
1.603044320178058368e-02,4.378583463024773859e-02
1.472290611847379138e-01,1.887647218665318150e-01
2.344715187334436846e-01,2.074747657397466027e-02
2.079690317822298073e-01,9.858479337959551447e-01
1.236501195998566949e-02,7.111403623442219546e-02
3.777859140636660729e-02,1.458105949755754693e-01
2.460308562588826020e-01,6.017409769363898930e-02
1.053647013820144251e-01,1.875872351649567338e-01
1.106710174806366659e-01,9.572615254889681458e-01
1.241643820640137008e-02,6.900724016350086309e-02
1.246424942614633713e-02,6.777155745937901710e-02
2.133811540638288484e-01,1.547940789228895442e-01
2.059141626307846307e-02,1.160875644449255450e-01
2.457137347066902233e-01,5.754986920633563263e-02
2.207705539760292379e-01,9.993699310586068307e-01
1.433814180682765893e-01,9.565531488731310317e-01
1.311676038124508503e-01,1.900963588370648827e-01
2.007832495091083636e-01,1.659637683822301479e-01
2.167423883053171130e-02,1.187262004191781961e-01
2.403874825448808483e-01,3.490132130154972867e-02
2.402608667143249777e-01,1.113062230349015358e-01
1.242141705335345070e-02,7.697941240412238539e-02
2.371020476574126068e-01,2.641197507406999739e-02
2.351660471128619034e-01,2.216832458802314026e-02
5.930870952312827793e-02,1.667320876092086290e-01
2.417383876876864346e-01,3.909539595670400575e-02
2.350594793594730225e-01,2.194712406499013668e-02
2.362350312657577056e-01,2.445596682584563752e-02
1.993802253480307929e-01,1.670214914466342793e-01
2.090915925273619247e-01,1.589680193392024599e-01
4.110785291783256024e-02,9.960247043745373841e-01
1.341212334647884918e-01,1.900180449108637148e-01
5.198474489346775751e-02,1.607740995014080854e-01
1.792662584271053072e-01,9.668067075485812234e-01
1.421380257517906032e-01,1.894283979325224465e-01
